1.90 0.29 1750.28 28.33
29.43 6.40 1661.12 36.02
55.93 6.54 1573.21 41.94
82.31 6.45 1489.37 48.26
108.71 6.58 1402.71 59.21
135.12 6.49 1322.65 63.73
161.53 6.42 1243.34 70.49
187.90 6.54 1167.90 78.73
214.28 6.45 1096.12 78.01
240.71 6.58 1026.53 70.71
267.09 6.50 963.34 62.44
293.50 6.42 904.43 53.51
319.87 6.55 849.84 39.47
347.00 6.80 799.31 13.86
373.46 6.87 755.40 12.52
399.78 6.78 717.87 33.52
426.15 6.76 685.28 39.78
452.75 6.80 658.90 47.40
479.12 6.77 638.65 49.50
505.46 6.86 624.25 55.77
531.93 6.75 619.37 51.67
558.78 7.00 618.53 52.33
585.25 7.04 622.90 49.19
611.59 6.95 634.15 48.28
638.00 6.94 651.43 39.77
664.87 7.08 676.15 30.66
691.18 7.11 705.50 14.04
717.71 7.10 742.18 23.56
744.09 7.20 781.62 35.93
770.50 7.32 829.37 42.70
797.00 7.20 879.06 57.14
823.28 7.24 932.56 63.68
849.90 7.19 994.15 71.07
876.21 7.15 1058.53 77.67
902.65 7.26 1124.65 81.73
929.15 7.13 1199.21 74.36
955.59 7.12 1270.56 71.28
982.03 7.14 1347.25 68.55
1008.37 7.05 1424.53 64.49
1034.78 7.05 1502.84 63.56
1061.50 7.26 1585.75 61.10
1087.81 7.27 1665.53 60.90
1114.21 7.33 1747.34 63.34
1140.62 7.20 1829.28 64.13
1167.00 7.25 1908.93 67.62
1193.43 7.24 1989.31 71.31
1219.75 7.29 2064.78 76.79
1246.18 7.34 2142.09 80.41
1272.62 7.20 2213.40 77.79
1299.00 7.25 2284.06 71.72
1325.46 7.32 2351.62 64.63
1352.03 7.32 2415.28 56.48
1378.50 7.40 2474.78 46.50
1404.90 7.33 2530.56 37.07
1431.37 7.29 2581.68 10.30
1458.31 7.46 2625.93 26.52
1484.62 7.41 2667.96 37.94
1511.18 7.49 2703.28 43.43
1537.81 7.39 2733.87 48.46
1564.46 7.38 2758.46 53.99
1590.87 7.47 2776.53 58.25
1617.25 7.46 2789.43 59.80
1644.43 7.56 2795.40 56.51
1670.71 7.47 2797.96 57.49
1697.15 7.46 2792.56 56.68
1723.62 7.63 2781.03 52.38
1750.53 7.58 2764.03 47.70
1777.06 7.64 2742.81 41.27
1803.34 7.54 2716.12 28.06
1829.75 7.53 2681.62 15.74
1857.18 7.45 2639.84 29.81
1883.46 7.42 2599.50 44.58
1909.90 7.52 2552.87 52.89
1936.62 7.34 2500.56 63.14
1963.71 7.08 2441.28 67.92
1990.18 7.16 2382.84 74.89
2016.46 7.13 2320.37 81.69
2042.87 7.16 2252.37 78.17
2069.31 7.13 2184.28 71.41
2095.65 7.12 2110.78 65.86
2122.12 7.16 2041.40 61.84
2148.43 7.12 1967.03 57.71
2174.87 7.16 1891.75 54.60
2201.28 7.14 1815.87 51.15
2227.62 7.12 1740.93 49.96
2254.09 7.13 1665.43 49.93
2280.40 7.11 1590.68 51.47
2306.84 7.03 1517.18 55.73
2333.71 7.22 1445.31 56.46
2360.50 7.59 1371.75 62.74
2386.93 7.57 1305.15 66.96
2413.31 7.57 1239.75 73.28
2439.96 7.45 1177.68 76.70
2466.78 7.77 1117.78 79.21
2493.21 7.84 1062.18 77.81
2519.59 7.82 1012.12 73.13
2546.68 8.19 964.03 69.78
2573.12 8.12 922.21 62.88
2599.50 8.21 883.09 55.80
2626.12 8.41 851.81 54.50
2653.12 8.38 825.34 52.07
2679.50 8.40 802.06 45.41
2705.90 8.34 784.78 40.99
2732.46 8.80 773.81 41.12
2759.03 8.84 768.78 35.37
2785.34 8.76 765.96 36.90
2811.68 8.67 773.40 42.15
2838.28 8.76 782.21 45.56
2865.00 8.70 799.43 48.34
2891.34 8.69 817.00 57.85
2917.78 8.72 846.12 59.00
2944.28 8.65 877.81 59.75
2971.00 8.66 915.40 65.60
2997.40 8.53 955.18 71.23
3023.71 8.53 998.06 77.27
3050.06 8.62 1047.12 81.35
3076.46 8.51 1098.81 75.94
3103.00 8.64 1154.84 71.56
3129.40 8.57 1212.56 67.47
3155.78 8.53 1273.53 62.39
3182.09 8.62 1337.25 59.13
3208.46 8.51 1404.09 53.81
3235.00 8.64 1469.93 51.91
3261.31 8.58 1537.00 52.17
3287.75 8.55 1609.65 47.45
3314.06 8.62 1679.25 45.65
3341.37 9.34 1752.90 47.44
3367.71 9.37 1822.68 48.46
3394.21 9.41 1891.46 50.68
3420.59 9.30 1961.09 55.53
3447.31 9.60 2027.28 58.45
3473.68 9.56 2092.62 63.41
3500.15 9.58 2154.21 65.08
3526.59 9.57 2217.03 71.68
3553.28 9.35 2274.34 77.01
3579.65 9.45 2328.56 81.74
3606.09 9.44 2379.62 77.00
3632.56 9.41 2427.53 74.53
3659.68 9.48 2471.31 67.75
3686.03 9.44 2512.31 64.61
3712.40 9.54 2547.40 61.04
3739.28 9.38 2574.31 50.70
3765.84 9.16 2601.31 50.20
3792.12 9.21 2624.31 49.59
3818.53 9.17 2638.00 44.84
3845.53 9.26 2648.09 38.44
3872.00 9.25 2652.96 42.89
3898.37 9.13 2652.25 38.39
3924.75 9.24 2647.87 42.45
3951.31 9.08 2637.78 42.18
3977.75 9.15 2625.09 50.48
4004.15 9.13 2603.34 51.88
4030.53 9.02 2579.28 56.27
4056.90 9.11 2551.68 60.95
4083.34 9.02 2517.28 66.36
4109.75 9.16 2480.40 69.63
4136.15 9.09 2439.71 75.72
4162.53 8.92 2394.09 79.20
4188.87 9.12 2347.03 81.39
4215.31 9.04 2294.56 77.54
4241.71 9.14 2239.59 72.67
4268.06 9.05 2182.21 69.01
4294.53 8.92 2122.53 66.84
4320.87 9.26 2061.40 61.45
4347.84 9.09 1998.15 60.42
4374.18 9.17 1935.09 60.06
4400.62 9.15 1870.71 57.30
4427.03 9.04 1805.09 56.18
4454.28 9.11 1736.34 54.69
4480.75 8.94 1672.31 54.81
4507.12 9.05 1608.09 56.83
4533.71 9.15 1543.62 60.82
4560.40 8.94 1482.59 61.56
4586.71 9.12 1421.25 64.39
4613.09 9.05 1362.62 67.37
4639.65 9.16 1307.43 70.88
4666.71 8.74 1252.90 74.79
4693.12 8.64 1202.43 78.47
4719.53 8.79 1154.65 81.57
4746.68 9.94 1109.00 79.86
4773.12 9.89 1070.15 77.03
4799.50 9.94 1034.46 73.23
4825.90 9.88 1002.12 70.80
4852.56 9.93 974.65 67.42
4879.00 9.79 952.15 65.03
4905.37 9.76 931.90 65.30
4931.96 9.72 918.81 63.04
4958.84 9.52 909.90 64.29
4985.78 9.35 905.09 64.44
5012.15 9.35 905.62 64.64
5038.50 9.26 910.28 65.11
5065.15 9.27 920.34 67.97
5091.43 9.24 934.18 71.15
5117.93 9.29 952.06 70.47
5144.34 9.26 975.59 74.54
5170.59 9.20 1001.71 79.64
5197.15 9.27 1035.65 81.70
5223.43 9.24 1069.53 78.32
5249.90 9.17 1110.81 72.34
5276.31 9.27 1151.81 70.75
5302.59 9.20 1196.56 68.32
5329.34 9.52 1246.78 65.41
5355.68 9.44 1296.71 62.06
5382.12 9.45 1351.09 59.38
5408.53 9.48 1405.87 56.44
5435.09 9.50 1464.31 53.37
5461.96 9.40 1522.81 52.06
5488.28 9.34 1582.37 52.64
5514.68 9.35 1642.34 51.56
5541.81 9.80 1705.43 51.73
5568.21 9.74 1765.56 52.27
5594.68 9.79 1825.62 53.97
5621.06 9.76 1886.84 57.40
5647.87 9.86 1947.53 62.22
5674.37 9.96 2002.93 66.11
5700.71 9.92 2059.25 67.40
5727.25 10.05 2114.40 72.72
5754.18 9.56 2167.93 74.43
5780.96 9.10 2217.96 77.38
5807.37 9.17 2265.46 81.40
5833.90 9.18 2308.12 76.45
5861.50 8.75 2350.03 73.82
5887.78 8.74 2383.37 65.82
5914.18 8.82 2420.31 65.17
5941.00 8.67 2448.25 59.83
5967.96 7.81 2475.78 58.99
5994.40 7.88 2494.81 54.37
6020.71 7.88 2513.15 54.61
6047.15 7.86 2525.68 51.80
6073.62 7.92 2533.84 50.30
6099.93 7.79 2537.28 49.21
6126.40 7.89 2534.50 51.60
6152.75 7.86 2531.06 53.25
6179.15 7.81 2523.78 51.60
6205.56 7.90 2507.78 56.85
6231.90 7.79 2490.75 57.20
6258.40 7.89 2468.06 64.20
6284.75 7.86 2442.62 66.65
6311.12 7.80 2412.40 68.30
6338.00 8.00 2379.15 76.99
6364.34 7.95 2343.53 80.53
6390.78 8.00 2302.31 80.44
6417.15 7.97 2259.40 78.88
6443.71 7.97 2214.75 72.12
6470.18 8.00 2166.59 67.62
6496.56 7.96 2116.59 63.76
6523.03 7.94 2063.31 59.16
6549.46 8.02 2010.03 54.93
6576.21 7.82 1954.87 52.96
6602.71 7.90 1903.06 52.98
6629.15 7.83 1842.53 45.95
6656.75 8.67 1784.81 42.98
6683.15 8.63 1727.18 41.98
6709.46 8.61 1670.81 41.20
6736.18 9.47 1614.59 41.16
6762.84 9.21 1558.12 41.92
6789.31 9.23 1505.06 41.63
6815.68 9.25 1453.25 43.98
6842.18 9.17 1402.56 44.94
6868.62 9.27 1353.96 48.45
6894.93 9.23 1308.31 51.57
6921.43 9.24 1266.25 55.24
6948.12 9.29 1224.21 56.24
6975.06 8.99 1183.50 63.17
7001.56 8.89 1150.18 62.16
7027.93 8.99 1120.87 63.09
7054.40 8.99 1095.00 65.03
7081.18 8.88 1068.21 67.47
7107.50 8.81 1052.84 71.09
7134.00 8.75 1034.43 70.34
7160.31 8.82 1024.53 71.29
7186.81 8.79 1016.37 73.15
7213.15 8.85 1013.25 73.36
7239.43 8.78 1014.43 74.74
7265.93 8.80 1018.34 73.91
7292.28 8.82 1027.15 70.55
7318.78 8.80 1040.68 70.99
7345.93 9.36 1055.50 70.42
7372.25 9.25 1076.12 70.21
7398.75 9.29 1101.90 67.44
7425.09 9.29 1127.59 65.35
7452.31 9.22 1160.21 64.53
7478.78 9.35 1194.18 61.88
7505.12 9.25 1230.40 61.45
7531.84 9.49 1271.90 58.59
7558.68 9.17 1315.37 55.33
7585.06 9.16 1358.75 53.11
7611.50 9.22 1407.81 53.79
7638.40 9.50 1456.25 50.48
7665.12 9.20 1504.84 49.87
7691.50 9.18 1556.56 51.46
7717.75 9.19 1609.68 52.95
7744.84 9.13 1661.56 51.54
7771.53 8.45 1717.31 51.56
7798.06 8.48 1767.75 53.21
7824.43 8.42 1819.31 55.63
7851.68 8.14 1873.75 60.12
7878.18 8.29 1924.25 62.37
7904.50 8.15 1973.71 67.36
7931.09 8.12 2023.75 69.12
7957.87 7.76 2069.65 72.99
7984.15 7.74 2114.09 75.08
8010.71 7.85 2156.40 80.41
8037.00 7.75 2195.75 80.84
8063.46 7.80 2231.40 77.93
8089.87 7.78 2265.34 76.29
8116.18 7.75 2298.15 72.39
8142.75 7.85 2326.59 67.17
8169.00 7.75 2351.21 65.08
8195.37 7.81 2373.84 61.83
8221.84 7.82 2391.46 60.74
8248.18 7.75 2405.28 59.41
8274.59 7.77 2414.34 56.22
8301.00 7.75 2421.18 54.13
8327.71 8.28 2424.21 53.62
8354.56 8.34 2421.78 52.79
8380.87 8.39 2417.68 54.13
8407.28 8.33 2409.93 59.25
8433.68 8.31 2395.65 60.00
8460.75 8.49 2381.25 58.81
8487.25 8.51 2360.65 63.70
8513.50 8.55 2339.81 68.83
8540.00 8.52 2313.34 72.14
8566.87 8.61 2284.12 73.70
8593.25 8.71 2250.09 78.22
8619.75 8.75 2216.46 81.71
8646.37 9.32 2178.59 78.70
8673.21 8.88 2138.65 73.61
8699.65 8.85 2096.37 73.53
8726.09 8.95 2052.15 67.02
8753.03 8.98 2007.00 63.93
8779.40 8.90 1962.03 62.22
8805.87 8.89 1912.43 56.99
8832.31 8.87 1865.00 51.88
8858.65 8.96 1815.90 48.35
8885.15 8.94 1767.12 44.36
8911.50 8.88 1718.09 40.84
8938.31 8.79 1666.96 37.81
8965.09 8.58 1620.78 39.01
8991.40 8.64 1573.90 37.62
9017.84 8.68 1526.12 37.04
9044.18 8.57 1483.37 36.70
9071.03 8.62 1438.71 37.04
9097.37 8.61 1398.18 36.10
9123.71 8.66 1358.28 39.12
9150.18 8.70 1321.28 40.23
9176.50 8.56 1285.31 42.93
9203.00 8.59 1256.15 44.09
9229.34 8.65 1226.75 45.81
9255.71 8.66 1199.56 52.02
9282.12 8.62 1179.65 50.17
9308.46 8.58 1160.15 51.63
9335.28 8.79 1144.46 55.71
9361.68 8.75 1131.37 55.23
9388.09 8.81 1121.59 55.97
9414.46 8.71 1114.78 55.84
9441.28 8.93 1112.03 55.92
9467.71 8.92 1116.46 56.95
9494.03 8.95 1119.84 56.49
9520.46 8.92 1126.81 55.57
9547.06 8.78 1139.81 54.23
9573.40 8.78 1154.28 53.38
9599.81 8.88 1175.53 55.22
9626.25 8.84 1194.87 50.97
9652.84 8.90 1219.18 49.15
9679.21 8.81 1245.18 48.64
9705.53 8.79 1275.65 45.74
9732.34 9.34 1309.96 43.23
9758.93 8.88 1343.56 40.79
9785.37 9.04 1381.81 38.23
9811.71 9.02 1419.71 36.39
9838.21 9.00 1461.65 34.53
9865.18 8.99 1504.56 33.36
9891.50 8.89 1547.18 33.02
9917.96 8.97 1591.28 31.79
9944.40 8.93 1636.62 32.31
9970.81 8.88 1681.87 35.02
9997.34 8.95 1726.78 33.67
10023.65 8.85 1774.31 36.48
10050.15 8.92 1820.90 38.70
10076.53 8.91 1863.75 42.51
10102.84 8.86 1908.34 45.64
10129.34 9.04 1949.28 48.36
10155.68 8.86 1991.68 51.18
10182.12 8.95 2031.93 53.80
10208.53 8.91 2069.93 58.07
10234.84 8.86 2106.37 60.06
10261.34 9.04 2139.75 63.20
10287.62 8.88 2171.93 66.07
10314.00 8.93 2201.68 67.22
10340.62 8.99 2229.90 69.14
10366.93 8.92 2252.87 71.88
10393.43 9.08 2272.87 72.65
10419.78 8.95 2292.43 75.77
10446.53 9.13 2306.78 77.52
10472.93 9.05 2318.96 77.67
10499.21 9.02 2328.81 77.98
10525.78 9.15 2334.18 77.91
10552.59 9.16 2335.75 78.32
10578.93 9.25 2331.43 77.45
10605.37 9.23 2330.15 77.60
10632.03 9.34 2322.62 76.92
10658.96 9.13 2311.56 75.62
10685.25 9.01 2296.65 76.01
10711.65 9.18 2279.93 72.99
10738.43 9.16 2260.46 72.18
10765.37 8.71 2236.87 69.34
10791.90 8.80 2211.34 66.48
10818.12 8.69 2183.28 64.32
10844.75 8.75 2152.62 62.99
10871.18 8.69 2123.37 64.39
10897.59 8.72 2086.06 58.32
10924.21 8.83 2049.90 54.72
10950.62 8.59 2013.21 54.24
10977.37 8.60 1972.78 51.52
11003.81 8.54 1932.25 50.46
11030.12 8.45 1891.71 48.68
11056.68 8.61 1848.71 47.95
11082.96 8.56 1807.71 46.97
11109.34 8.65 1764.21 47.72
11135.78 8.60 1722.34 48.52
11162.15 8.46 1680.84 49.84
11188.62 8.57 1638.65 51.37
11214.90 8.53 1598.84 52.33
11241.34 8.65 1558.53 54.65
11267.78 8.60 1517.81 56.06
11294.15 8.46 1482.90 59.63
11320.59 8.65 1447.93 64.39
11347.18 8.62 1411.31 65.52
11373.68 8.64 1381.81 67.68
11400.03 8.69 1351.43 70.64
11426.43 8.56 1324.31 74.14
11453.25 8.68 1298.81 74.94
11479.65 8.56 1277.15 76.15
11506.09 8.60 1257.56 78.52
11532.59 8.64 1240.03 79.63
11559.21 8.19 1226.65 81.77
11585.71 8.40 1214.75 81.70
11612.12 8.20 1207.84 80.16
11639.06 8.63 1202.18 80.73
11665.59 8.54 1202.03 78.60
11691.87 8.51 1201.53 79.87
11718.37 8.63 1207.12 78.84
11745.03 8.97 1217.46 74.15
11771.43 9.09 1223.84 80.59
11797.87 9.02 1236.75 79.49
11824.21 8.96 1251.90 78.90
11851.50 8.93 1270.87 78.89
11877.84 8.83 1290.59 77.55
11904.18 8.99 1317.06 73.36
11930.71 8.88 1341.96 71.23
11957.50 8.40 1371.81 67.67
11983.90 8.47 1402.46 66.22
12010.25 8.42 1433.09 62.33
12036.68 8.53 1467.03 58.35
12063.43 8.59 1502.68 57.96
12089.65 8.62 1538.71 53.27
12116.15 8.59 1576.56 50.03
12142.46 8.59 1614.21 48.65
12168.96 8.65 1653.62 44.37
12195.40 8.62 1692.34 42.64
12221.65 8.62 1733.09 42.69
12248.12 8.63 1772.81 40.75
12274.46 8.59 1813.25 39.10
12300.84 8.55 1849.09 39.06
12327.68 8.88 1885.87 38.52
12354.53 8.91 1925.43 40.49
12380.96 9.01 1961.40 42.92
12407.37 8.97 1995.31 43.58
12434.00 9.02 2029.75 45.31
12460.84 9.43 2060.34 48.31
12487.15 9.34 2090.25 49.57
12513.65 9.44 2118.15 52.00
12540.28 9.53 2143.87 53.90
12567.18 9.37 2167.21 56.58
12593.59 9.42 2190.96 58.12
12620.00 9.38 2207.28 59.26
12647.00 10.01 2221.56 61.09
12673.87 9.67 2233.46 64.85
12700.31 9.64 2244.50 66.51
12726.75 9.72 2249.09 63.86
12753.40 9.78 2258.56 65.11
12780.25 9.30 2257.46 67.00
12806.68 9.30 2256.03 66.17
12833.03 9.37 2253.09 68.47
12859.90 9.42 2245.96 66.59
12886.21 9.37 2235.75 65.99
12912.65 9.35 2223.87 64.63
12939.50 9.50 2208.37 64.45
12966.34 9.16 2190.65 63.95
12992.78 9.24 2170.06 62.05
13019.06 9.17 2149.40 60.72
13045.50 9.15 2124.81 59.50
13071.93 9.18 2098.50 55.92
13098.28 9.17 2070.43 56.62
13124.78 9.23 2040.59 53.61
13151.06 9.19 2007.06 52.63
13177.50 9.23 1974.71 50.64
13203.93 9.18 1941.81 47.81
13230.28 9.17 1907.21 46.45
13256.71 9.20 1871.53 45.54
13283.00 9.20 1833.62 44.41
13309.46 9.21 1797.81 43.79
13335.96 9.34 1761.75 42.84
13362.34 9.22 1725.34 42.78
13388.78 9.16 1688.62 43.14
13415.15 9.26 1652.81 44.00
13442.00 9.63 1617.34 44.31
13468.90 9.31 1583.34 45.10
13495.21 9.29 1549.87 46.67
13521.75 9.31 1516.50 48.60
13548.25 9.22 1484.28 50.87
