1.95 0.28 1753.01 17.55
18.92 4.57 1697.29 22.67
35.37 4.51 1642.92 26.67
51.70 4.46 1588.65 31.92
68.35 4.53 1535.56 36.76
84.60 4.49 1481.87 42.23
101.00 4.57 1430.18 47.75
117.46 4.51 1377.40 53.99
133.75 4.46 1328.17 57.82
150.35 4.53 1277.96 52.97
166.57 4.62 1230.12 47.30
182.92 4.70 1183.32 37.12
199.48 4.64 1138.15 27.36
215.75 4.71 1092.90 11.40
232.35 4.66 1051.89 29.45
248.57 4.62 1010.43 38.36
264.98 4.70 970.93 47.42
281.51 4.64 932.89 56.80
297.82 4.59 897.65 55.16
314.45 4.74 861.20 43.79
330.84 4.75 832.53 36.45
347.25 4.81 801.95 28.22
363.79 4.74 774.51 21.90
380.12 4.71 747.65 28.53
396.73 4.82 723.96 34.56
413.12 4.83 703.39 43.43
429.54 4.87 685.06 49.26
446.04 4.82 667.34 55.32
462.31 4.78 654.34 57.31
478.73 4.83 642.81 55.73
495.12 4.82 632.93 54.94
511.51 4.87 626.26 51.19
528.03 4.82 621.56 49.83
544.31 4.78 621.34 45.39
560.73 4.83 619.14 50.35
577.17 4.79 624.45 54.24
593.57 4.85 627.93 52.72
610.10 4.79 636.18 51.29
626.35 4.78 645.64 56.45
642.84 4.82 658.87 55.00
659.31 4.79 671.93 56.58
675.68 4.84 689.54 50.85
692.26 4.78 707.48 45.21
708.56 4.76 730.60 44.57
725.03 4.80 753.31 32.13
741.48 4.76 779.04 23.45
757.85 4.70 805.60 4.27
774.37 4.77 835.73 21.19
790.68 4.73 866.82 34.59
807.06 4.79 901.54 44.02
823.50 4.75 935.46 48.96
839.81 4.71 970.51 57.57
856.32 4.78 1010.23 53.91
872.65 4.74 1050.42 47.21
889.04 4.78 1091.68 41.54
905.53 4.74 1134.32 29.14
921.90 4.70 1176.54 16.13
938.37 4.75 1222.09 11.64
954.73 4.74 1267.87 28.76
971.14 4.78 1313.85 36.77
987.67 4.72 1362.93 40.71
1004.04 4.67 1410.39 45.90
1020.50 4.73 1460.14 49.75
1036.84 4.69 1509.06 53.59
1053.34 4.77 1558.84 56.37
1069.76 4.71 1609.51 57.63
1086.28 4.72 1659.81 56.67
1102.68 4.79 1708.48 56.47
1119.03 4.76 1760.50 56.21
1135.43 4.82 1811.00 57.02
1151.90 4.75 1860.53 57.28
1168.26 4.84 1911.20 57.40
1184.64 4.92 1959.42 55.96
1200.98 4.88 2008.10 54.00
1217.43 4.95 2056.85 52.53
1233.95 4.87 2104.14 47.21
1250.31 4.83 2149.89 43.89
1266.70 4.91 2195.53 38.46
1283.10 4.88 2239.71 32.10
1299.56 4.97 2283.46 21.12
1316.06 4.92 2324.68 9.20
1332.42 4.87 2364.60 22.83
1348.89 4.99 2405.07 33.06
1365.32 4.94 2443.34 42.17
1381.85 5.01 2478.70 48.77
1398.45 5.03 2514.28 54.61
1414.84 5.00 2546.84 56.10
1431.18 5.07 2577.95 50.17
1447.67 5.04 2607.12 43.71
1464.06 4.97 2633.78 36.24
1480.50 5.05 2659.42 28.05
1496.79 5.00 2681.82 14.02
1513.18 5.07 2703.42 16.32
1529.62 5.03 2722.03 24.83
1546.09 4.96 2738.54 34.67
1562.54 5.07 2753.53 37.73
1578.93 5.01 2767.01 41.36
1595.45 5.06 2777.48 44.78
1611.89 5.02 2785.42 45.26
1628.31 4.95 2790.60 49.52
1644.84 5.08 2795.34 52.08
1661.20 5.05 2796.03 50.71
1677.73 5.05 2795.73 53.38
1694.25 5.03 2792.40 49.71
1710.65 4.94 2786.54 51.59
1727.07 5.02 2779.39 48.91
1743.46 5.00 2769.54 51.60
1759.89 5.03 2757.35 44.35
1776.29 4.99 2743.07 42.24
1792.70 4.93 2727.48 36.56
1809.06 5.01 2708.79 28.69
1825.42 5.01 2688.31 19.27
1841.89 5.03 2666.03 1.99
1858.28 4.98 2642.12 22.68
1874.70 4.94 2616.15 32.05
1891.17 5.00 2587.37 35.37
1907.54 5.00 2557.70 48.28
1924.07 5.00 2526.90 53.04
1940.46 5.09 2494.32 55.57
1956.92 5.03 2459.39 53.03
1973.35 5.07 2425.12 49.18
1989.87 5.09 2386.03 39.67
2006.31 5.00 2347.46 33.64
2022.78 5.09 2307.46 23.33
2039.14 5.03 2266.03 9.12
2055.54 5.09 2225.39 26.19
2072.03 5.10 2181.64 36.17
2088.42 5.03 2137.31 38.50
2104.85 5.09 2093.70 46.98
2121.20 5.07 2048.98 50.99
2137.60 5.09 2001.75 56.06
2154.03 5.10 1957.39 57.78
2170.42 5.14 1909.65 54.80
2186.78 5.18 1863.75 52.24
2203.20 5.17 1817.15 50.74
2219.57 5.10 1769.54 48.60
2236.07 5.20 1722.14 46.84
2252.45 5.14 1676.81 48.20
2268.84 5.20 1629.95 46.79
2285.25 5.20 1583.90 47.94
2301.76 5.16 1537.21 49.43
2318.15 5.21 1493.48 52.73
2334.53 5.17 1447.57 51.49
2350.95 5.26 1405.81 53.42
2367.37 5.25 1361.00 55.19
2383.81 5.20 1319.09 56.60
2400.25 5.29 1278.32 55.47
2416.65 5.20 1239.64 49.96
2433.03 5.29 1199.29 46.89
2449.46 5.28 1162.71 42.96
2465.82 5.17 1126.60 36.78
2482.31 5.28 1091.34 29.95
2498.62 5.20 1058.37 20.30
2514.95 5.18 1027.29 12.79
2531.45 5.29 995.56 25.04
2547.82 5.17 967.79 29.73
2564.31 5.28 941.46 35.70
2580.71 5.32 917.00 43.58
2597.09 5.28 894.14 46.17
2613.59 5.36 872.43 50.41
2630.00 5.30 852.82 56.56
2646.45 5.37 835.32 56.96
2662.98 5.37 820.67 54.98
2679.35 5.36 805.12 51.65
2695.87 5.43 796.34 49.48
2712.31 5.37 786.03 47.27
2728.81 5.44 779.89 45.22
2745.25 5.39 774.76 44.24
2761.64 5.32 772.12 40.68
2778.09 5.40 770.53 42.98
2794.43 5.33 771.57 40.72
2810.82 5.41 775.75 43.03
2827.23 5.37 781.48 35.00
2843.59 5.33 789.26 42.89
2860.07 5.41 797.46 44.91
2876.43 5.34 810.76 47.83
2892.90 5.48 823.62 49.55
2909.35 5.47 839.35 53.38
2925.68 5.38 855.75 54.17
2942.20 5.52 875.85 55.82
2958.54 5.42 896.53 53.98
2974.90 5.39 918.35 55.03
2991.45 5.45 944.37 47.83
3007.85 5.43 971.46 42.02
3024.35 5.55 999.90 31.67
3040.68 5.46 1028.51 30.54
3057.14 5.50 1058.81 22.14
3073.73 5.66 1091.96 8.20
3090.12 5.62 1124.89 23.14
3106.57 5.66 1160.20 28.57
3122.98 5.62 1196.68 36.18
3139.29 5.60 1234.29 40.56
3155.79 5.68 1272.29 46.25
3172.12 5.62 1312.26 50.35
3188.57 5.66 1350.42 53.50
3204.96 5.63 1393.42 56.82
3221.26 5.59 1434.04 55.22
3237.78 5.69 1476.60 51.93
3254.12 5.62 1518.32 51.13
3270.60 5.69 1562.01 48.32
3287.01 5.68 1604.42 47.44
3303.39 5.66 1649.31 45.21
3319.93 5.78 1692.20 43.99
3336.29 5.72 1735.51 45.80
3352.81 5.84 1780.17 42.97
3369.25 5.82 1823.39 44.13
3385.62 5.81 1867.42 44.93
3402.09 5.88 1911.12 47.66
3418.53 5.85 1952.56 47.02
3434.89 5.88 1993.46 49.79
3451.29 5.84 2035.96 52.20
3467.65 5.81 2076.06 55.23
3484.12 5.86 2115.28 57.24
3500.48 5.82 2154.10 54.41
3516.87 5.87 2191.62 51.90
3533.23 5.86 2228.81 46.76
3549.73 5.90 2265.42 42.58
3566.28 5.92 2300.50 37.71
3582.67 5.91 2333.43 31.98
3599.06 5.97 2364.09 24.34
3615.50 5.94 2396.37 6.86
3631.85 5.92 2424.35 18.48
3648.37 5.94 2452.28 26.87
3664.78 5.92 2478.64 36.19
3681.20 5.92 2503.68 42.13
3697.70 5.98 2526.03 45.56
3714.07 5.93 2544.78 55.91
3730.57 5.95 2565.54 54.65
3746.98 5.95 2583.42 57.00
3763.37 5.89 2598.84 51.16
3779.81 5.94 2614.15 49.32
3796.15 5.91 2625.37 47.36
3812.60 5.96 2635.01 45.30
3828.98 5.94 2643.04 43.15
3845.29 5.92 2649.71 41.36
3861.78 5.93 2653.40 37.91
3878.17 5.95 2655.60 37.53
3894.57 6.01 2655.90 38.14
3911.01 6.00 2655.21 36.42
3927.35 6.00 2650.56 37.12
3943.81 5.99 2645.09 37.37
3960.28 6.02 2638.48 39.21
3976.81 6.10 2629.00 43.30
3993.21 6.03 2616.26 44.93
4009.57 6.05 2603.48 44.98
4026.10 6.04 2588.50 49.84
4042.46 6.04 2572.68 52.73
4058.89 6.12 2553.78 54.24
4075.35 6.08 2533.65 57.12
4091.65 6.08 2512.64 56.36
4108.18 6.13 2488.53 53.34
4124.51 6.06 2464.34 49.62
4140.89 6.09 2436.75 44.87
4157.39 6.09 2409.65 40.00
4173.64 6.08 2380.53 30.83
4190.14 6.14 2350.65 25.96
4206.46 6.07 2319.20 14.25
4222.87 6.15 2286.23 8.18
4239.40 6.14 2251.07 20.00
4255.71 6.16 2216.50 31.81
4272.20 6.20 2181.98 37.34
4288.57 6.20 2143.45 41.28
4304.93 6.18 2106.57 46.38
4321.40 6.21 2069.15 48.51
4337.78 6.21 2029.71 50.83
4354.20 6.25 1990.54 55.58
4370.68 6.24 1950.04 57.38
4387.09 6.30 1909.96 56.35
4403.54 6.31 1869.68 53.97
4419.98 6.30 1828.45 54.41
4436.37 6.32 1789.43 51.18
4452.82 6.28 1747.98 50.73
4469.15 6.27 1707.29 50.82
4485.62 6.31 1666.45 50.05
4501.98 6.30 1626.70 50.67
4518.37 6.32 1587.68 50.35
4534.82 6.31 1547.90 51.38
4551.15 6.27 1508.07 52.71
4567.65 6.34 1470.67 53.78
4584.01 6.32 1432.23 56.29
4600.37 6.39 1396.09 57.12
4616.85 6.32 1361.51 55.84
4633.17 6.33 1325.62 53.90
4649.73 6.36 1290.76 52.02
4666.17 6.37 1257.87 48.74
4682.53 6.42 1224.95 45.37
4698.96 6.38 1193.75 42.21
4715.32 6.39 1165.46 37.94
4731.84 6.41 1137.29 29.72
4748.29 6.44 1110.71 24.68
4764.65 6.35 1085.17 16.01
4781.09 6.39 1060.59 5.43
4797.46 6.41 1038.95 17.73
4813.85 6.41 1018.01 26.49
4830.26 6.39 997.56 33.14
4846.60 6.38 981.51 35.14
4863.07 6.41 963.98 37.83
4879.45 6.41 950.85 41.86
4895.87 6.43 938.06 44.72
4912.29 6.41 927.35 47.03
4928.64 6.43 918.82 49.26
4945.10 6.46 912.07 49.71
4961.48 6.44 906.62 51.96
4977.92 6.48 902.07 52.44
4994.40 6.48 900.59 53.57
5010.73 6.45 900.01 53.27
5027.20 6.47 902.40 53.96
5043.62 6.48 907.12 51.89
5060.03 6.54 911.81 52.52
5076.46 6.52 919.73 53.25
5092.78 6.55 928.79 51.93
5109.23 6.52 940.15 49.60
5125.67 6.52 951.25 48.02
5142.01 6.58 966.21 46.16
5158.46 6.51 982.25 43.37
5174.78 6.55 999.53 40.07
5191.20 6.53 1018.76 37.00
5207.60 6.53 1039.07 34.29
5224.03 6.62 1061.09 29.49
5240.46 6.52 1084.20 25.46
5256.79 6.57 1109.75 14.22
5273.21 6.59 1135.81 16.19
5289.56 6.54 1162.89 23.32
5306.10 6.79 1191.62 29.75
5322.57 6.72 1220.20 33.09
5338.93 6.72 1249.54 40.11
5355.37 6.80 1283.82 42.82
5371.79 6.73 1316.90 46.74
5388.20 6.90 1350.39 48.86
5404.62 6.77 1384.84 49.52
5421.12 6.84 1420.65 53.95
5437.53 6.87 1455.51 56.28
5453.95 6.84 1492.04 56.74
5470.28 6.85 1527.67 55.50
5486.68 6.82 1564.93 54.37
5503.07 6.81 1602.46 53.29
5519.51 6.86 1640.53 52.45
5535.95 6.89 1677.87 52.00
5552.25 6.87 1716.79 51.75
5568.76 6.90 1753.60 51.23
5585.12 6.87 1791.29 51.66
5601.53 6.97 1828.78 52.71
5618.03 6.90 1866.21 52.98
5634.37 6.96 1903.07 53.73
5650.89 6.97 1940.79 54.89
5667.32 6.93 1976.29 56.66
5683.71 7.03 2012.15 57.72
5700.15 6.94 2047.37 55.49
5716.56 6.97 2080.50 51.93
5733.12 7.07 2114.78 49.94
5749.56 7.03 2146.57 48.75
5765.95 7.09 2179.29 46.01
5782.32 7.02 2209.06 41.50
5798.68 7.02 2238.67 33.38
5815.07 7.07 2266.85 33.44
5831.54 7.02 2294.32 28.76
5847.90 7.13 2320.18 21.91
5864.29 7.00 2344.39 8.76
5880.70 7.08 2369.39 19.93
5897.10 7.10 2389.20 25.03
5913.64 7.15 2410.79 30.78
5929.96 7.16 2429.32 33.78
5946.39 7.15 2447.25 37.50
5962.75 7.15 2463.92 40.46
5979.26 7.28 2477.75 43.45
5995.71 7.27 2489.96 46.84
6012.00 7.26 2502.09 49.16
6028.64 7.30 2513.35 52.80
6045.00 7.32 2518.85 50.35
6061.40 7.40 2525.20 53.81
6077.87 7.38 2529.68 54.59
6094.20 7.42 2532.71 55.05
6110.65 7.38 2533.57 54.65
6127.06 7.35 2534.62 55.09
6143.40 7.44 2532.67 54.44
6159.82 7.34 2528.17 53.81
6176.18 7.41 2522.34 54.94
6192.60 7.38 2515.87 52.48
6209.03 7.36 2505.67 51.51
6225.42 7.47 2497.00 50.77
6241.85 7.38 2483.03 50.30
6258.20 7.45 2470.54 45.87
6274.59 7.45 2455.42 42.91
6291.04 7.42 2438.01 39.17
6307.42 7.51 2421.43 40.30
6323.84 7.44 2401.28 34.39
6340.29 7.55 2380.46 25.40
6356.68 7.57 2358.64 20.83
6373.17 7.50 2334.64 7.51
6389.70 7.82 2309.79 17.65
6406.12 7.71 2284.75 28.01
6422.45 7.70 2257.37 32.45
6438.92 7.78 2229.89 38.21
6455.32 7.71 2200.20 42.15
6471.67 7.78 2170.89 45.65
6488.12 7.71 2140.14 47.74
6504.43 7.68 2109.42 51.94
6520.87 7.76 2077.31 55.21
6537.31 7.74 2044.39 57.11
6553.68 7.79 2010.00 56.03
6570.17 7.81 1977.26 53.19
6586.53 7.79 1942.90 50.67
6602.92 7.88 1907.95 48.66
6619.37 7.80 1873.37 46.59
6635.78 7.92 1837.48 44.90
6652.21 7.87 1802.98 42.29
6668.65 7.84 1767.06 43.79
6685.01 7.93 1733.32 40.07
6701.46 7.87 1697.76 37.98
6717.85 7.98 1663.73 38.11
6734.28 7.95 1628.03 37.84
6750.67 7.89 1593.81 37.55
6767.09 7.94 1558.71 38.65
6783.50 7.92 1526.82 38.93
6799.87 7.95 1493.00 39.92
6816.25 7.92 1461.68 41.70
6832.67 7.89 1429.95 42.59
6849.04 7.98 1398.64 43.80
6865.46 7.93 1369.64 46.14
6881.81 7.91 1339.95 47.63
6898.26 7.94 1310.84 50.16
6914.79 8.09 1283.75 50.68
6931.14 8.13 1257.48 52.26
6947.60 8.16 1234.18 54.68
6963.93 8.10 1210.54 57.53
6980.39 8.18 1186.29 56.64
6996.82 8.18 1165.68 55.63
7013.18 8.18 1144.54 54.13
7029.60 8.16 1125.78 49.14
7046.00 8.16 1109.76 48.23
7062.43 8.27 1094.03 44.67
7078.87 8.24 1077.25 46.83
7095.21 8.27 1064.71 43.74
7111.64 8.22 1053.95 40.02
7128.03 8.21 1044.39 36.84
7144.42 8.30 1034.42 34.58
7160.82 8.22 1027.87 34.77
7177.18 8.28 1022.57 33.75
7193.62 8.24 1018.15 32.39
7209.98 8.21 1015.89 31.15
7226.48 8.42 1015.68 30.59
7242.90 8.33 1016.31 25.44
7259.23 8.37 1017.68 30.68
7275.64 8.36 1022.78 29.40
7292.06 8.37 1027.65 26.08
7308.43 8.40 1034.17 32.11
7324.95 8.45 1044.15 31.67
7341.42 8.57 1053.32 32.99
7357.84 8.59 1064.42 37.64
7374.26 8.57 1077.81 35.09
7390.70 8.70 1093.09 33.65
7407.21 8.67 1107.40 39.46
7423.57 8.70 1124.79 41.66
7439.98 8.70 1142.92 43.53
7456.35 8.63 1163.21 45.30
7472.73 8.67 1183.26 45.09
7489.17 8.66 1205.81 48.71
7505.54 8.68 1228.87 50.97
7521.96 8.70 1252.89 53.28
7538.39 8.71 1277.73 53.37
7554.78 8.76 1304.29 54.72
7571.23 8.74 1331.82 57.00
7587.60 8.77 1360.20 56.95
7603.98 8.79 1387.23 56.54
7620.39 8.72 1417.15 56.21
7636.79 8.80 1447.04 55.77
7653.32 8.85 1477.45 54.03
7669.82 8.85 1510.04 53.25
7686.23 8.95 1540.45 53.03
7702.60 8.84 1572.37 52.86
7718.98 8.93 1604.96 52.22
7735.43 8.96 1637.42 52.52
7751.84 8.87 1669.92 52.74
7768.28 8.90 1700.68 55.45
7784.64 8.88 1735.21 54.15
7801.03 8.91 1768.31 54.75
7817.42 8.91 1801.64 55.73
7833.82 8.86 1832.42 57.14
7850.21 8.93 1865.78 56.96
7866.62 8.88 1896.00 56.42
7883.09 9.02 1928.53 54.09
7899.51 9.03 1959.37 50.84
7915.87 8.94 1990.76 46.37
7932.29 9.06 2020.85 45.53
7948.71 9.03 2048.01 42.71
7965.06 9.03 2077.87 38.20
7981.51 9.04 2104.79 34.65
7997.85 8.98 2132.31 32.48
8014.28 9.11 2157.28 23.70
8030.71 9.03 2183.34 16.09
8047.15 9.11 2208.09 8.03
8063.57 9.15 2230.60 18.02
8080.04 9.16 2252.17 27.18
8096.40 9.22 2272.45 30.73
8112.84 9.18 2293.37 37.09
8129.20 9.13 2311.43 40.90
8145.62 9.22 2328.31 43.82
8162.01 9.14 2344.46 46.33
8178.34 9.22 2359.93 50.72
8194.81 9.19 2371.92 51.54
8211.15 9.13 2384.39 54.11
8227.64 9.25 2394.00 53.58
8243.98 9.14 2402.28 55.33
8260.35 9.24 2411.31 55.02
8276.76 9.21 2417.03 54.44
8293.15 9.18 2423.71 54.13
8309.62 9.30 2425.79 52.31
8325.96 9.21 2425.23 54.91
8342.45 9.31 2427.17 52.01
8358.82 9.28 2427.20 50.39
8375.29 9.32 2424.09 51.04
8391.67 9.42 2418.92 49.21
