1.84 0.36 1766.53 22.81
39.56 6.38 1711.15 20.35
75.90 6.50 1653.53 26.61
112.37 6.41 1596.37 31.44
149.21 6.81 1541.62 36.04
185.59 6.89 1487.00 41.85
222.15 6.84 1433.37 47.39
258.46 6.93 1382.93 52.18
295.59 7.56 1336.15 58.81
331.93 7.53 1289.46 62.02
368.37 7.64 1245.31 66.55
404.84 7.57 1205.25 70.39
441.28 7.66 1166.84 74.04
477.75 7.53 1131.78 78.70
514.06 7.50 1099.62 81.90
550.56 7.58 1070.75 79.67
587.00 7.52 1046.65 76.83
623.37 7.49 1024.31 73.08
660.50 7.96 1007.56 72.45
697.06 7.94 993.65 69.15
733.43 8.02 983.96 68.21
769.90 7.86 977.56 66.74
806.46 7.98 976.28 69.73
843.09 7.92 976.28 67.42
879.81 8.07 982.46 66.88
916.40 8.15 991.90 70.38
952.87 8.00 1002.56 70.83
989.75 10.24 1022.71 74.33
1026.31 10.17 1042.62 74.43
1062.75 10.15 1066.96 77.19
1099.12 10.25 1094.28 80.46
1135.75 10.14 1123.68 80.34
1172.15 10.14 1157.18 78.85
1208.75 10.11 1192.34 76.97
1245.37 10.09 1230.15 73.80
1281.71 10.21 1272.09 71.26
1318.78 10.18 1315.37 66.58
1355.56 10.30 1362.68 63.74
1391.96 10.31 1407.87 62.33
1429.06 10.47 1457.87 58.04
1465.56 10.54 1508.21 56.24
1502.00 10.37 1557.59 55.43
1538.53 10.36 1611.87 53.15
1574.96 10.33 1661.06 55.27
1611.62 10.18 1714.15 53.51
1648.56 10.47 1770.37 54.89
1685.00 10.33 1820.40 55.04
1721.43 10.31 1870.50 57.78
1758.34 10.33 1922.53 59.37
1795.40 10.32 1972.28 64.23
1831.75 10.45 2020.78 66.74
1869.09 10.64 2069.71 69.96
1905.56 10.62 2112.50 73.54
1942.06 10.62 2154.75 76.54
1978.65 10.52 2195.96 79.96
2015.06 10.64 2234.75 81.45
2052.00 10.52 2270.25 76.38
2088.46 10.50 2303.06 74.16
2124.96 10.64 2333.84 71.62
2161.31 10.53 2360.40 67.38
2197.75 10.60 2382.50 65.60
2234.15 10.53 2403.28 62.42
2270.96 10.91 2420.75 59.81
2307.40 11.04 2434.37 56.67
2343.78 10.95 2444.59 57.73
2380.21 11.06 2450.59 56.30
2416.65 11.02 2453.75 57.40
2453.12 11.00 2453.75 57.95
2489.46 11.02 2449.00 59.44
2525.90 10.84 2442.46 58.60
2562.87 10.96 2430.65 62.02
2599.37 10.81 2416.65 64.29
2636.56 11.72 2398.31 67.25
2673.03 11.78 2378.12 70.07
2709.43 11.59 2353.06 73.58
2745.87 11.61 2326.15 76.60
2782.31 11.72 2296.78 79.24
2819.18 11.69 2263.78 81.49
2855.68 11.99 2230.18 78.07
2892.00 11.83 2189.43 78.46
2928.46 11.76 2151.68 75.44
2965.03 12.27 2112.53 71.15
3001.53 12.19 2070.31 68.37
3038.50 12.93 2025.46 66.48
3074.96 12.61 1979.46 62.60
3111.59 12.61 1931.59 61.06
3147.93 12.63 1885.34 60.57
3184.65 12.40 1837.84 60.86
3221.03 12.52 1791.75 61.16
3257.93 12.44 1741.37 59.99
3294.50 12.57 1693.65 59.46
3330.96 12.65 1645.71 59.26
3367.40 12.60 1600.06 62.18
3403.84 12.68 1554.81 64.98
3440.37 12.38 1508.84 66.56
3477.06 12.25 1467.71 67.45
3513.56 12.20 1425.06 70.43
3549.96 12.00 1386.03 71.71
3586.53 12.06 1347.09 73.71
3623.53 12.20 1311.21 77.32
3660.12 12.24 1278.50 78.89
3696.43 12.27 1248.25 80.16
3732.93 11.99 1218.21 80.61
3769.50 12.28 1191.62 80.25
3805.81 12.13 1172.15 78.69
3842.59 12.33 1151.37 76.25
3879.53 13.26 1132.62 75.05
3916.06 13.00 1120.31 73.93
3952.71 13.02 1110.84 72.17
3989.40 12.87 1102.78 72.98
4026.31 12.53 1100.03 71.73
4062.68 12.57 1101.53 74.15
4099.71 12.40 1102.15 72.97
4136.37 12.50 1107.25 74.24
4172.75 12.44 1118.34 74.39
4209.18 12.37 1128.28 76.25
4245.62 12.41 1144.62 79.67
4282.68 13.35 1163.43 80.69
4319.71 13.93 1184.62 79.79
4356.09 13.95 1207.71 78.34
4392.56 13.88 1234.56 77.62
4429.00 13.93 1264.28 74.76
4465.40 13.83 1295.93 72.82
4501.87 13.84 1328.09 70.68
4538.40 13.82 1362.12 68.79
4574.90 13.76 1400.96 66.49
4611.46 14.08 1441.50 66.00
4647.90 13.98 1478.37 62.98
4684.53 13.89 1521.00 63.36
4720.90 13.80 1563.84 62.15
4758.00 14.03 1603.56 64.75
4794.46 14.11 1650.87 61.60
4830.87 14.02 1695.56 63.08
4867.28 14.13 1738.90 64.20
4903.68 14.09 1780.31 65.47
4940.18 14.00 1824.25 64.71
4976.90 14.78 1867.12 68.85
5013.78 14.86 1910.50 70.17
5050.15 14.96 1952.12 71.91
5086.56 14.89 1991.84 73.02
5123.00 14.94 2029.50 75.79
5159.37 14.88 2065.46 76.81
5195.84 14.84 2101.90 79.69
5232.40 14.91 2136.15 81.57
5268.81 14.84 2167.21 81.15
5305.15 14.89 2194.71 78.48
5341.75 14.83 2223.53 78.38
5378.25 14.74 2246.62 76.31
5414.68 14.80 2265.93 74.18
5451.06 14.66 2287.37 73.64
5487.90 14.53 2303.93 72.87
5524.53 14.21 2317.00 72.11
5560.96 14.16 2326.40 72.65
5597.78 14.03 2333.84 71.04
5634.50 14.22 2338.53 72.59
5670.93 14.21 2339.34 72.09
5707.43 14.17 2338.75 73.05
5744.46 14.89 2334.59 73.44
5780.84 15.06 2327.40 75.71
5817.25 14.95 2316.18 74.19
5854.56 15.89 2304.31 79.14
5890.96 15.97 2287.93 80.90
5927.62 15.64 2268.71 81.08
5964.15 16.01 2246.87 80.62
6001.18 15.89 2223.50 79.44
6037.65 15.91 2197.43 75.61
6073.90 15.97 2169.71 75.27
6110.43 15.96 2140.31 72.75
6147.18 15.91 2107.75 70.17
6183.68 15.78 2076.53 72.18
6220.21 15.66 2039.50 67.27
6256.56 15.80 2004.18 65.34
6293.43 16.14 1965.56 63.89
6329.71 16.11 1925.34 64.24
6366.21 16.16 1890.06 62.62
6403.21 15.60 1846.84 62.82
6439.59 15.55 1807.28 59.62
6476.12 15.47 1767.43 58.01
6512.50 15.41 1727.37 61.33
6549.18 15.45 1687.00 62.19
6585.68 15.51 1647.75 61.83
6622.71 15.97 1607.81 61.90
6659.18 15.88 1570.75 63.39
6695.65 15.87 1533.43 64.46
6732.62 17.21 1498.25 66.59
6769.15 17.21 1462.87 67.82
6805.78 17.18 1428.68 68.16
6842.25 17.26 1399.56 70.71
6878.68 17.21 1369.96 72.55
6914.96 17.25 1343.31 72.83
6951.62 17.14 1318.46 74.35
6988.62 18.61 1293.06 77.20
7025.93 19.05 1274.46 74.80
7062.43 18.94 1256.31 75.86
7098.81 19.06 1240.34 75.72
7135.28 18.92 1227.15 76.52
7171.71 18.96 1216.71 77.23
7208.03 18.92 1209.75 75.67
7244.84 18.92 1205.46 76.13
7281.25 19.00 1203.00 75.06
7317.68 18.99 1204.62 74.09
7354.18 18.99 1206.75 73.46
7390.53 18.98 1211.78 73.57
7427.00 18.89 1216.84 72.39
7463.37 18.92 1232.59 71.65
7499.75 18.97 1245.62 68.86
7536.81 18.61 1263.84 68.06
7573.09 18.63 1280.84 67.50
7610.21 18.48 1301.68 65.17
7647.09 18.94 1326.59 65.04
7683.56 18.86 1351.43 64.03
7720.28 18.54 1379.28 63.40
7756.50 18.65 1406.15 62.94
7793.03 18.52 1436.37 61.97
7829.65 18.76 1469.25 60.81
7866.65 19.74 1501.75 62.31
7903.15 19.59 1535.93 62.36
7939.50 19.78 1571.75 64.54
7976.25 19.75 1606.84 64.41
8012.93 20.07 1643.75 66.98
8049.37 20.14 1679.62 69.88
8086.28 20.04 1717.87 70.78
8122.65 20.02 1754.71 73.49
8159.81 20.27 1792.34 73.86
8196.34 19.96 1828.12 76.52
8232.96 19.93 1864.15 78.69
8269.87 20.27 1899.18 81.74
8306.81 21.01 1932.31 77.01
8343.34 21.06 1968.06 76.09
8379.90 20.77 1999.15 74.29
8416.40 20.92 2028.59 71.14
8453.00 20.60 2058.78 69.88
8489.68 20.33 2088.15 66.58
8526.12 20.35 2111.09 63.59
8563.18 20.41 2135.25 60.93
8599.93 20.85 2158.03 58.37
8636.90 20.96 2177.53 57.18
8673.21 20.92 2194.84 54.56
8710.03 21.55 2209.09 54.89
8746.46 21.40 2222.75 50.51
8783.00 21.38 2231.09 52.74
8819.53 21.34 2238.87 51.98
8855.93 21.39 2242.71 51.61
8892.31 21.46 2246.15 53.66
8928.87 21.22 2246.15 55.16
8965.71 21.69 2241.56 49.12
9002.56 21.72 2237.75 64.58
9038.90 21.73 2230.90 63.25
9075.31 21.77 2220.84 63.57
9111.75 21.60 2210.00 67.89
9148.06 21.74 2192.96 69.44
9184.53 21.66 2176.75 68.23
9220.96 21.66 2159.53 74.92
9258.31 22.26 2138.25 78.39
9294.75 22.15 2117.25 77.91
9331.03 22.29 2093.93 81.21
9367.56 22.21 2066.09 80.39
9404.59 21.95 2037.50 79.75
9440.96 21.96 2009.00 76.77
9477.53 21.80 1979.62 73.94
9513.90 21.86 1948.12 73.21
9550.37 21.79 1916.59 71.55
9586.87 21.85 1884.75 69.78
9623.81 22.36 1850.18 68.49
9660.31 22.26 1817.93 67.88
9696.75 22.19 1782.87 66.95
9733.21 22.10 1747.43 66.73
9769.62 22.09 1713.03 69.57
9806.12 22.18 1680.46 66.41
9843.03 22.54 1648.37 67.30
9879.28 22.63 1615.56 67.06
9915.71 22.64 1585.12 67.96
9952.25 22.70 1554.21 71.84
9989.25 22.77 1523.96 69.55
10026.21 23.32 1495.50 70.59
10062.65 23.41 1468.65 72.09
10099.03 23.44 1443.00 73.51
10136.00 23.33 1417.78 71.84
10172.37 23.28 1396.46 74.33
10208.78 23.22 1376.90 75.75
10245.62 23.74 1358.84 76.34
10282.03 23.79 1342.31 76.16
10318.43 23.75 1328.46 77.45
10354.90 23.68 1316.09 78.57
10391.37 23.56 1306.09 77.34
10428.09 23.52 1296.40 77.64
10464.87 23.00 1293.06 76.73
10501.87 22.85 1289.46 77.34
10538.37 22.87 1288.21 77.19
10574.75 22.84 1290.87 75.26
10611.87 23.56 1292.25 74.75
10648.21 23.41 1300.93 74.01
10684.56 23.45 1308.62 72.39
10722.43 23.92 1317.59 69.36
10758.81 24.00 1331.75 69.87
10795.21 24.01 1347.12 69.76
10832.40 23.93 1363.12 67.49
10868.71 24.01 1382.81 66.10
10905.15 23.97 1400.84 68.12
10941.84 23.66 1424.81 63.31
10979.25 24.42 1447.87 61.56
11015.78 24.37 1472.06 62.23
11052.09 24.53 1498.56 60.48
11088.56 24.33 1526.03 56.78
11125.15 24.46 1552.71 54.43
11161.62 24.54 1582.34 55.18
11198.06 24.29 1612.75 54.57
11234.75 24.56 1643.78 54.13
11271.15 24.39 1676.03 52.25
11307.59 24.39 1703.40 51.54
11343.96 24.53 1736.37 51.59
11380.37 24.31 1766.71 52.83
11416.81 24.43 1796.96 53.32
11453.28 24.30 1827.46 52.98
11489.68 24.27 1857.43 54.19
11526.40 24.25 1887.71 53.94
11562.75 24.10 1914.84 56.56
11599.18 24.22 1942.43 56.40
11635.96 24.37 1969.50 57.42
11672.34 24.35 1993.87 58.14
11708.81 24.48 2016.96 59.91
11745.21 24.33 2042.59 58.74
11781.59 24.40 2059.81 59.99
11818.09 24.37 2079.28 60.27
11855.12 25.39 2095.78 61.71
11891.53 25.49 2112.75 62.78
11928.12 25.29 2126.56 63.76
11965.00 25.32 2139.50 64.20
12001.84 25.39 2147.87 64.22
12038.21 25.49 2156.00 63.25
12074.81 25.53 2162.15 64.31
12111.28 25.40 2166.46 64.88
12148.06 24.98 2165.40 63.62
12184.37 24.98 2165.53 64.00
12220.93 24.91 2162.65 61.80
12257.93 25.84 2157.06 61.74
12294.78 26.16 2150.46 60.40
12331.09 26.16 2140.50 59.67
12367.81 25.96 2129.43 59.91
12404.28 25.95 2118.06 58.37
12441.37 25.76 2101.00 57.78
12477.65 25.71 2086.25 57.56
12514.15 25.57 2068.18 55.85
12550.56 25.68 2046.03 56.34
12587.06 25.70 2029.71 54.87
12623.56 25.71 2005.18 54.71
12659.96 25.68 1981.78 53.60
12696.75 25.47 1958.53 53.81
12733.28 25.25 1932.34 51.39
12769.65 25.32 1905.28 52.47
12806.12 25.30 1878.84 52.21
12842.78 25.29 1853.09 53.48
12879.18 25.26 1823.15 53.27
12915.56 25.27 1793.37 51.79
12952.65 25.27 1765.68 53.45
12989.18 25.34 1737.43 53.98
13025.62 25.32 1711.62 54.45
13062.03 25.29 1681.46 55.54
13098.46 25.28 1654.59 57.01
13135.06 25.11 1627.87 57.80
13171.50 25.02 1600.68 60.06
13208.06 24.84 1573.37 62.94
13245.00 24.67 1550.46 61.41
13281.81 25.12 1527.12 62.16
13318.18 25.26 1503.59 62.20
13354.65 25.18 1483.50 65.72
13391.46 25.12 1464.59 65.33
13427.87 25.00 1449.65 67.70
13464.65 24.67 1431.87 65.23
13501.09 24.74 1416.62 66.37
13537.65 24.66 1401.21 64.95
13574.06 24.74 1390.84 67.25
13610.56 24.66 1381.71 66.77
13647.59 25.23 1375.75 67.52
13684.03 25.34 1368.62 67.25
13720.46 25.34 1363.93 67.03
13756.90 25.21 1362.25 66.81
13793.43 25.14 1363.18 66.15
13830.18 25.68 1366.40 64.24
13866.46 25.77 1368.78 63.07
13902.90 25.76 1374.06 62.71
13939.43 25.70 1381.78 62.01
13976.71 27.23 1391.21 63.06
14013.25 27.12 1403.21 60.88
14049.56 27.30 1414.62 62.43
14086.37 27.20 1431.09 58.26
14123.03 27.10 1447.12 55.96
14159.40 27.16 1464.37 55.16
14195.87 27.05 1482.53 53.99
14232.53 27.56 1504.65 54.00
14269.21 27.93 1524.84 52.36
14305.71 27.88 1544.28 58.16
14342.06 27.94 1569.37 51.58
14379.40 27.53 1594.25 49.77
14416.09 27.60 1619.65 50.37
14452.50 27.55 1645.03 49.88
14489.03 27.52 1669.62 50.60
14525.59 27.46 1694.59 49.81
14561.96 27.32 1721.03 48.52
14599.03 27.63 1747.71 49.93
14635.37 27.61 1772.93 50.60
14671.90 27.63 1798.84 51.13
14708.84 27.40 1824.59 51.61
14745.68 26.88 1851.31 51.53
14782.06 26.99 1875.21 52.15
14819.43 26.50 1898.00 54.42
14855.93 26.41 1919.65 53.20
14892.25 26.49 1941.71 54.58
14928.84 26.31 1963.81 55.25
14965.40 26.42 1983.37 56.70
15002.00 26.51 2001.40 59.15
15038.40 26.42 2017.31 57.81
15074.78 26.54 2033.34 57.32
15111.12 26.45 2047.93 58.52
15147.68 26.48 2058.09 57.49
15184.03 26.46 2070.34 58.38
15220.90 26.06 2079.50 59.97
15258.18 25.85 2086.34 59.25
15294.62 25.86 2091.78 59.00
15330.96 25.81 2095.25 58.13
15367.40 25.84 2099.28 59.07
15403.93 25.90 2099.71 57.63
15440.25 25.79 2095.62 59.95
15477.40 25.29 2092.68 57.60
15513.81 25.26 2088.90 57.20
15551.06 24.82 2083.90 57.80
15587.78 25.32 2075.87 57.71
15624.46 25.30 2064.93 54.24
15660.90 25.33 2053.93 54.59
15697.37 25.41 2040.59 53.42
15733.87 25.37 2025.46 52.19
15770.18 25.36 2011.71 55.55
15807.21 25.03 1992.09 50.81
15844.12 26.33 1974.59 51.86
15880.65 26.28 1955.09 51.22
15917.15 26.34 1934.75 51.77
15953.59 26.25 1915.40 49.20
15990.53 26.30 1893.84 49.40
16026.90 26.35 1871.03 48.26
16063.28 26.24 1847.18 48.80
16099.87 26.31 1824.25 50.14
16136.65 26.11 1800.78 48.84
16173.06 26.04 1777.78 51.20
16209.46 26.04 1753.93 50.79
16246.28 26.73 1729.21 50.98
16283.50 27.62 1703.93 50.77
16319.68 27.75 1682.87 52.49
16356.46 27.51 1658.75 53.80
16392.78 27.58 1637.40 55.43
16429.68 27.46 1614.15 58.23
16466.25 27.55 1593.81 56.55
16502.56 27.57 1573.34 56.23
16539.06 27.46 1554.00 57.91
16575.78 27.91 1536.56 58.41
16612.15 27.76 1520.00 59.92
16648.71 27.89 1501.21 63.98
16685.09 27.89 1490.90 57.83
16721.46 27.84 1476.03 62.93
16758.50 27.15 1463.03 62.56
16794.96 27.09 1453.81 62.64
16831.53 27.20 1446.56 64.81
16867.90 27.14 1437.93 63.85
16904.25 27.13 1431.53 63.67
16941.06 26.97 1428.40 63.57
16978.03 27.31 1425.31 64.16
17014.84 27.43 1424.71 63.84
17051.25 27.35 1425.15 64.81
17087.65 27.33 1429.78 62.43
17124.09 27.27 1432.59 63.17
17160.53 27.33 1437.28 61.36
17196.93 27.29 1442.81 61.02
17234.03 26.69 1454.65 59.63
17271.00 25.86 1463.40 60.56
17307.40 25.86 1474.62 57.57
17343.81 25.85 1487.50 57.57
17380.31 25.90 1500.62 56.03
17416.68 25.84 1515.25 56.31
17453.09 25.88 1535.09 54.85
17489.78 25.61 1548.87 53.84
17526.15 25.64 1567.84 51.31
17562.71 25.75 1585.71 50.49
17599.03 25.54 1604.78 48.82
17635.87 25.66 1624.25 45.97
17672.25 25.62 1646.87 45.49
17708.90 25.87 1669.90 45.13
17745.37 25.84 1690.28 46.37
17781.87 25.70 1711.53 41.89
17818.62 26.53 1734.03 40.80
17855.18 26.44 1756.21 39.78
17891.59 26.44 1777.78 38.19
17928.43 26.40 1798.78 36.07
17965.09 26.26 1820.15 35.26
18001.50 26.40 1840.40 34.07
18038.53 26.07 1861.18 35.81
18075.12 26.07 1880.81 33.88
18111.53 26.01 1899.59 33.68
18147.87 25.97 1916.43 34.07
18184.28 26.05 1934.40 32.60
18220.87 26.10 1950.09 31.57
18257.53 26.53 1965.90 30.89
18293.93 26.57 1978.37 30.60
18330.28 26.54 1989.75 31.90
18367.18 26.31 2002.43 29.94
18403.87 26.28 2012.96 31.72
18440.25 26.28 2020.75 30.65
18476.68 26.29 2026.78 30.26
18513.15 26.25 2031.93 30.31
18549.59 26.22 2038.93 29.69
18586.59 27.05 2040.84 30.31
18623.18 26.99 2042.78 30.49
18659.56 27.05 2041.56 30.55
18695.93 27.08 2039.59 30.44
