1.90 0.29 1731.79 37.45
18.85 4.57 1636.04 42.98
35.15 4.54 1537.37 50.10
51.67 4.46 1442.48 57.81
68.18 4.64 1346.35 46.91
84.65 4.61 1256.03 33.63
101.10 4.68 1164.40 6.32
117.40 4.64 1078.82 39.86
133.89 4.58 995.18 55.71
150.29 4.66 912.26 45.34
166.73 4.61 834.25 9.49
183.14 4.68 761.40 32.82
199.46 4.64 692.60 54.33
215.92 4.58 626.65 49.10
232.31 4.66 565.71 23.05
248.73 4.61 510.04 24.48
265.21 4.67 459.28 38.91
281.56 4.64 415.34 49.02
298.03 4.56 379.26 36.97
314.42 4.65 349.87 20.30
330.79 4.60 330.57 43.48
347.34 4.69 316.84 52.11
363.67 4.66 308.87 19.26
380.17 4.57 304.09 39.37
396.50 4.68 306.57 52.81
412.90 4.62 311.51 49.32
429.39 4.58 319.95 43.20
445.78 4.66 333.64 30.70
462.25 4.57 348.78 34.05
478.65 4.68 372.40 6.29
495.00 4.63 397.43 11.23
511.57 4.57 427.48 20.53
527.89 4.66 462.06 23.70
544.39 4.69 500.46 25.63
560.75 4.78 543.03 30.42
577.10 4.73 591.28 27.88
593.62 4.81 642.14 30.69
609.92 4.77 697.67 34.41
626.40 4.69 757.76 35.90
642.78 4.78 820.68 36.87
659.18 4.73 887.82 39.53
675.71 4.79 956.53 42.34
692.04 4.75 1029.59 43.86
708.54 4.66 1104.40 45.29
725.00 4.78 1182.03 48.27
741.34 4.73 1262.42 49.33
757.92 4.71 1343.75 51.23
774.29 4.79 1426.10 52.68
790.73 4.70 1508.79 53.44
807.17 4.82 1594.04 54.70
823.46 4.76 1677.70 55.32
839.92 4.69 1762.56 56.54
856.29 4.78 1847.04 54.26
872.82 4.69 1932.48 55.77
889.34 4.79 2013.95 57.91
905.71 4.72 2096.65 54.73
922.07 4.67 2177.48 54.94
938.45 4.77 2255.54 54.36
954.95 4.67 2331.29 53.31
971.43 4.77 2405.15 53.22
987.78 4.72 2476.45 51.38
1004.18 4.66 2544.56 51.34
1020.54 4.77 2609.53 48.61
1036.93 4.68 2670.50 45.64
1053.59 4.83 2729.67 46.75
1069.92 4.82 2783.46 44.86
1086.37 4.73 2832.40 41.54
1102.76 4.86 2878.50 40.38
1119.23 4.84 2919.65 39.60
1135.71 4.86 2956.65 37.14
1152.21 4.93 2989.68 32.73
1168.67 4.83 3016.18 32.92
1185.04 4.94 3037.00 31.26
1201.46 4.91 3053.98 31.38
1217.85 4.81 3068.26 26.79
1234.26 4.91 3073.56 27.61
1250.87 4.88 3076.42 26.13
1267.28 4.99 3073.50 25.27
1283.65 4.96 3063.96 18.30
1300.17 4.91 3051.23 26.03
1316.56 5.00 3033.42 28.73
1333.06 4.96 3011.26 29.38
1349.60 5.11 2983.23 27.96
1366.06 5.10 2950.50 28.23
1382.45 5.02 2913.53 31.65
1398.85 5.11 2873.12 34.26
1415.25 5.04 2827.79 35.69
1431.65 5.08 2777.60 36.92
1448.15 5.10 2725.26 41.73
1464.68 5.05 2666.18 45.44
1481.09 5.15 2607.26 47.46
1497.60 5.08 2543.75 50.22
1514.09 5.13 2477.12 53.20
1530.51 5.13 2407.56 55.12
1547.10 5.67 2336.65 55.39
1563.45 5.78 2263.04 56.81
1579.89 5.69 2187.90 55.65
1596.29 5.74 2110.40 54.25
1612.68 5.74 2032.43 51.73
1629.07 5.65 1954.25 50.66
1645.46 5.76 1874.46 48.45
1661.98 5.73 1793.48 49.06
1678.46 5.73 1714.18 47.90
1694.95 5.70 1634.25 47.49
1711.48 5.64 1554.62 46.73
1727.84 5.73 1477.51 46.10
1744.28 5.70 1401.12 45.99
1760.70 5.72 1326.89 45.52
1777.15 5.68 1252.46 45.82
1793.56 5.63 1181.12 46.10
1809.90 5.71 1111.50 46.80
1826.32 5.68 1045.35 48.97
1842.73 5.61 981.81 49.32
1859.20 5.66 921.67 49.48
1875.65 5.58 864.03 51.09
1892.00 5.65 809.78 52.72
1908.48 5.61 760.62 55.07
1924.92 5.54 713.84 54.53
1941.29 5.61 672.01 55.55
1957.73 5.55 634.45 57.08
1974.18 5.61 601.48 57.68
1990.59 5.58 572.25 56.63
2007.01 5.52 548.00 55.33
2023.35 5.62 527.89 53.50
2039.79 5.53 512.45 54.27
2056.28 5.65 502.07 52.81
2072.65 5.59 498.06 51.04
2089.07 5.53 496.96 52.72
2105.45 5.64 500.89 52.06
2121.81 5.58 510.32 51.84
2138.35 5.66 522.25 52.78
2154.79 5.61 540.60 52.70
2171.25 5.57 561.64 54.37
2187.59 5.65 590.40 53.88
2203.96 5.63 621.67 54.69
2220.43 5.66 656.26 56.51
2236.87 5.65 696.15 55.42
2253.29 5.61 739.42 56.80
2269.68 5.66 785.79 56.92
2286.18 5.65 837.54 56.90
2302.65 5.57 891.06 56.59
2319.03 5.68 948.21 56.71
2335.50 5.66 1008.84 53.67
2351.84 5.76 1070.39 52.58
2368.26 5.69 1135.07 53.77
2384.85 5.66 1203.54 51.79
2401.14 5.74 1273.54 51.10
2417.57 5.66 1343.09 49.56
2434.01 5.76 1415.35 49.77
2450.46 5.71 1489.23 48.09
2466.92 5.66 1563.42 47.76
2483.37 5.81 1638.81 47.11
2499.79 5.74 1712.67 45.89
2516.23 5.82 1788.17 46.38
2532.68 5.76 1861.81 46.21
2549.15 5.92 1936.65 46.54
2565.51 5.88 2009.98 47.17
2581.92 5.82 2081.92 47.89
2598.34 5.89 2151.34 48.34
2614.70 5.84 2222.07 49.97
2631.17 5.78 2288.15 49.37
2647.57 5.84 2351.84 50.15
2663.98 5.80 2413.07 51.71
2680.40 5.85 2473.23 52.35
2696.85 5.82 2528.65 53.86
2713.28 5.80 2583.18 56.22
2729.62 5.85 2632.15 57.35
2746.07 5.79 2677.14 57.54
2762.56 5.86 2721.57 56.65
2778.92 5.79 2759.43 54.80
2795.37 5.78 2795.28 53.60
2811.70 5.84 2825.23 52.12
2828.10 5.78 2852.60 51.62
2844.64 5.84 2872.17 50.45
2860.93 5.78 2892.73 48.69
2877.43 5.75 2906.35 47.28
2893.90 5.78 2914.71 43.95
2910.28 5.72 2918.59 44.68
2926.71 5.81 2920.04 43.57
2943.01 5.77 2915.60 45.08
2959.62 5.75 2906.96 43.71
2976.03 5.79 2892.20 40.37
2992.42 5.75 2876.23 42.49
3008.87 5.84 2854.75 42.13
3025.15 5.78 2828.78 42.89
3041.60 5.73 2799.23 43.63
3058.17 5.91 2764.54 44.89
3074.53 5.88 2726.54 46.23
3091.00 5.82 2685.28 47.22
3107.40 5.88 2641.03 48.42
3123.79 5.87 2593.42 49.14
3140.18 5.96 2541.93 50.12
3156.65 5.89 2487.25 51.85
3173.12 5.87 2430.50 53.74
3189.46 5.89 2371.26 54.50
3205.85 5.88 2308.82 55.97
3222.26 5.96 2246.40 56.97
3238.67 5.94 2180.93 56.40
3255.17 5.90 2112.17 56.45
3271.51 5.93 2045.34 55.81
3287.96 5.93 1976.42 55.25
3304.43 6.00 1905.71 54.86
3320.79 5.97 1834.54 53.09
3337.26 5.96 1766.31 52.64
3353.65 5.97 1694.71 52.23
3370.15 5.92 1623.57 52.15
3386.57 6.03 1555.57 51.01
3402.92 5.99 1486.65 51.57
3419.37 5.95 1420.31 50.38
3435.71 5.96 1353.46 50.48
3452.18 5.96 1289.85 50.88
3468.62 6.05 1225.71 50.49
3485.00 5.98 1166.35 50.66
3501.42 5.97 1108.78 50.66
3517.75 6.04 1053.65 50.71
3534.20 6.00 1000.90 51.92
3550.68 6.16 950.31 52.41
3567.06 6.05 904.31 55.38
3583.48 6.05 862.14 54.25
3599.79 6.13 822.26 55.44
3616.23 6.07 785.62 57.36
3632.70 6.14 753.95 57.26
3649.10 6.06 726.00 57.86
3665.53 6.06 701.14 57.86
3681.92 6.12 681.93 55.20
3698.35 6.07 664.82 56.74
3714.79 6.03 652.98 56.15
3731.12 6.08 644.26 55.36
3747.64 6.04 641.39 56.10
3764.01 6.11 640.84 54.35
3780.57 6.05 644.79 54.10
3796.93 6.04 655.07 53.33
3813.23 6.07 667.89 54.19
3829.68 6.03 684.84 54.59
3846.18 6.19 706.45 56.21
3862.60 6.13 731.46 54.80
3879.09 6.10 760.34 55.29
3895.48 6.14 790.64 57.29
3912.09 6.09 829.25 55.86
3928.43 6.19 868.79 56.97
3944.84 6.10 911.62 57.62
3961.31 6.08 957.45 56.26
3977.59 6.12 1005.25 55.90
3994.09 6.05 1055.85 55.41
4010.48 6.18 1109.60 54.79
4026.78 6.08 1166.92 53.14
4043.40 6.08 1224.17 53.60
4059.67 6.18 1284.92 51.52
4076.17 6.07 1346.21 51.49
4092.56 6.21 1410.37 49.68
4108.92 6.13 1474.71 49.05
4125.43 6.10 1538.32 49.45
4141.87 6.30 1605.42 48.28
4158.37 6.21 1672.64 49.02
4174.75 6.22 1738.10 45.71
4191.09 6.25 1804.43 46.72
4207.60 6.19 1869.31 47.06
4223.85 6.30 1934.64 46.39
4240.45 6.29 1999.09 46.51
4256.87 6.31 2062.73 47.86
4273.25 6.32 2124.48 47.42
4289.81 6.37 2184.54 47.44
4306.17 6.43 2242.90 48.09
4322.64 6.37 2300.32 49.37
4339.10 6.41 2353.35 49.82
4355.46 6.42 2404.65 50.69
4372.01 6.40 2454.85 51.47
4388.32 6.47 2499.98 54.11
4404.71 6.44 2543.93 52.82
4421.17 6.38 2584.10 54.07
4437.53 6.44 2620.78 54.76
4454.12 6.43 2653.46 56.33
4470.51 6.53 2682.96 56.53
4486.85 6.51 2710.15 57.89
4503.45 6.47 2731.76 56.98
4519.70 6.52 2749.73 56.66
4536.32 6.69 2764.64 55.44
4552.71 6.67 2775.89 54.93
4569.14 6.69 2783.71 52.99
4585.65 6.65 2784.34 53.19
4601.92 6.60 2784.40 52.15
4618.37 6.67 2779.84 51.05
4634.78 6.63 2770.71 50.63
4651.25 6.64 2757.51 51.58
4667.78 6.64 2740.28 49.30
4684.04 6.62 2720.59 50.83
4700.62 6.65 2695.68 51.12
4716.96 6.66 2668.45 52.58
4733.34 6.64 2638.59 52.97
4749.98 6.69 2601.70 52.28
4766.25 6.66 2563.59 53.60
4782.78 6.66 2523.48 54.68
4799.12 6.69 2481.20 51.85
4815.51 6.67 2433.65 56.76
4832.01 6.70 2385.43 57.21
4848.28 6.68 2334.50 57.40
4864.76 6.72 2282.18 57.09
4881.14 6.68 2226.43 55.84
4897.54 6.71 2169.23 55.57
4914.00 6.70 2111.51 54.43
4930.31 6.70 2051.92 53.59
4946.82 6.73 1991.53 52.81
4963.23 6.66 1930.23 51.41
4979.59 6.69 1868.09 50.90
4996.03 6.69 1806.03 49.74
5012.32 6.68 1743.89 48.75
5028.82 6.69 1681.95 47.25
5045.25 6.69 1619.07 48.34
5061.73 6.74 1558.78 47.14
5078.17 6.82 1497.40 46.50
5094.46 6.80 1439.32 45.67
5110.95 6.83 1381.53 46.69
5127.39 6.84 1324.85 46.83
5143.85 6.94 1269.53 46.02
5160.43 7.04 1216.64 47.05
5176.76 7.00 1166.23 45.69
5193.18 6.99 1119.32 46.95
5209.62 7.00 1072.87 47.73
5225.90 7.00 1030.92 47.95
5242.42 7.02 990.04 50.10
5258.75 7.03 952.67 48.99
5275.18 7.05 918.29 50.24
5291.65 7.07 887.23 50.18
5307.95 7.02 861.51 51.53
5324.54 7.10 836.28 52.14
5340.87 7.08 816.45 52.73
5357.32 7.09 797.89 55.45
5373.75 7.10 786.31 53.21
5390.04 7.08 776.95 53.76
5406.53 7.12 771.85 54.14
5422.87 7.08 769.04 56.06
5439.32 7.10 770.42 54.95
5455.79 7.12 775.54 55.46
5472.06 7.11 785.76 55.82
5488.60 7.14 798.14 56.60
5504.93 7.12 814.53 55.52
5521.43 7.07 834.01 56.48
5537.87 7.22 856.56 56.01
5554.18 7.20 883.17 56.01
5570.59 7.20 912.93 55.07
5587.00 7.19 945.84 54.99
5603.45 7.26 983.20 54.56
5619.87 7.23 1020.79 54.41
5636.20 7.18 1061.46 54.26
5652.67 7.24 1105.45 53.60
5669.06 7.21 1151.23 52.73
5685.59 7.31 1200.26 52.15
5702.03 7.24 1250.85 52.10
5718.31 7.22 1303.21 51.29
5734.78 7.25 1356.53 49.88
5751.18 7.25 1411.76 50.43
5767.65 7.28 1468.29 48.85
5784.12 7.23 1524.62 48.24
5800.43 7.21 1582.04 48.20
5816.87 7.24 1641.00 49.28
5833.31 7.26 1698.98 47.25
5849.64 7.22 1757.67 46.79
5866.07 7.29 1815.04 45.66
5882.51 7.25 1875.56 47.70
5899.04 7.30 1932.50 47.84
5915.42 7.28 1988.79 47.03
5931.76 7.22 2044.81 47.32
5948.29 7.31 2098.70 48.25
5964.65 7.23 2151.75 49.24
5981.15 7.28 2202.53 49.02
5997.51 7.26 2251.60 49.99
6013.82 7.23 2299.60 51.18
6030.26 7.28 2344.48 51.21
6046.78 7.28 2386.92 52.49
6063.28 7.37 2426.73 52.70
6079.65 7.32 2464.87 52.84
6096.00 7.29 2498.73 53.23
6112.43 7.37 2530.03 55.03
6128.82 7.32 2557.93 55.62
6145.32 7.42 2585.65 56.51
6161.68 7.43 2606.21 56.39
6178.04 7.37 2625.56 55.68
6194.48 7.43 2640.67 56.30
6210.84 7.35 2651.51 57.28
6227.29 7.43 2661.10 57.10
6243.67 7.43 2666.32 55.25
6260.04 7.39 2667.31 55.50
6276.50 7.42 2664.65 55.51
6292.84 7.41 2660.62 55.13
6309.34 7.37 2650.98 55.33
6325.84 7.56 2637.21 53.52
6342.31 7.60 2620.87 54.24
6358.85 7.60 2603.20 55.45
6375.20 7.59 2581.51 55.70
6391.60 7.56 2556.32 56.78
6408.03 7.65 2527.12 56.64
6424.39 7.55 2497.14 55.50
6440.93 7.61 2462.00 57.77
6457.37 7.64 2424.48 57.81
6473.78 7.68 2384.90 57.41
6490.32 7.78 2343.12 55.68
6506.65 7.68 2299.28 55.20
6523.17 7.75 2254.25 55.33
6539.54 7.87 2206.65 53.76
6556.01 7.94 2155.92 52.25
6572.51 7.89 2105.34 50.90
6588.82 7.86 2054.48 50.48
6605.31 7.83 2000.20 49.54
6621.65 7.86 1947.29 47.90
6638.15 7.90 1891.48 46.27
6654.60 7.89 1837.59 45.09
6670.92 7.88 1781.96 43.91
6687.45 7.91 1727.10 43.45
6703.93 7.95 1671.17 42.60
6720.31 7.99 1617.68 41.57
6736.75 7.94 1563.15 41.21
6753.06 7.99 1508.59 40.71
6769.54 8.00 1458.48 38.85
6785.98 7.97 1406.93 38.63
6802.32 7.98 1358.76 38.51
6818.75 7.94 1309.21 38.16
6835.07 8.00 1264.45 37.13
6851.51 8.00 1220.75 38.26
6867.93 8.00 1178.00 37.35
6884.32 7.96 1138.56 37.00
6900.78 7.96 1101.48 36.71
6917.10 7.94 1066.48 37.62
6933.51 8.02 1034.20 37.62
6950.07 8.06 1005.09 37.85
6966.45 7.97 978.34 39.46
6982.89 8.01 955.31 38.46
6999.29 7.97 935.76 39.39
7015.65 8.06 918.20 37.79
7032.10 8.05 905.26 39.54
7048.48 8.07 894.00 39.98
7064.95 8.05 885.01 41.48
7081.34 8.04 882.78 41.66
7097.68 8.09 880.03 41.71
7114.26 8.21 883.25 42.48
7130.59 8.17 889.73 43.37
7147.14 8.25 898.59 44.07
7163.50 8.24 910.50 44.65
7179.87 8.26 926.23 44.12
7196.29 8.25 944.03 45.18
7212.64 8.23 965.90 44.73
7229.10 8.28 990.06 44.79
7245.48 8.24 1017.40 45.91
7261.82 8.26 1047.07 45.86
7278.25 8.25 1081.65 46.41
7294.59 8.26 1114.84 46.68
7311.04 8.27 1151.82 46.81
7327.46 8.28 1191.43 46.91
7343.81 8.25 1233.51 47.24
7360.25 8.26 1277.78 47.67
7376.65 8.23 1323.31 48.84
7393.06 8.30 1368.68 47.84
7409.48 8.34 1416.26 48.44
7425.82 8.24 1466.39 50.14
7442.31 8.31 1514.90 48.68
7458.68 8.24 1567.25 49.21
7475.09 8.38 1617.57 49.68
7491.56 8.39 1669.90 49.90
7508.01 8.38 1722.32 49.94
7524.46 8.40 1774.98 50.97
7540.89 8.49 1825.87 51.91
7557.20 8.49 1877.04 52.13
7573.71 8.53 1927.59 52.45
7590.04 8.45 1976.71 53.17
7606.51 8.49 2026.54 54.46
7622.85 8.52 2073.78 55.34
7639.28 8.50 2120.56 56.87
7655.79 8.58 2165.21 55.58
7672.14 8.51 2209.92 57.54
7688.64 8.59 2249.07 57.80
7704.98 8.53 2289.03 56.92
7721.35 8.58 2325.89 56.13
7737.82 8.60 2361.03 53.59
7754.12 8.55 2392.51 53.41
7770.68 8.60 2423.89 52.24
7787.00 8.56 2449.73 53.00
7803.39 8.57 2474.45 50.16
7819.84 8.57 2495.73 51.65
7836.23 8.64 2514.42 50.12
7852.68 8.66 2530.07 49.42
7869.03 8.66 2542.56 49.51
7885.48 8.64 2551.64 48.58
7901.93 8.64 2557.70 48.36
7918.28 8.66 2563.10 45.96
7934.71 8.68 2562.34 47.54
7951.17 8.61 2559.90 46.20
7967.62 8.57 2554.26 45.76
7984.04 8.60 2543.29 42.27
8000.40 8.62 2533.46 47.74
8016.75 8.62 2517.89 46.31
8033.18 8.61 2500.31 46.94
8049.68 8.68 2478.67 46.88
8066.20 8.75 2456.89 48.91
8082.53 8.71 2430.81 48.26
8098.93 8.76 2401.01 47.26
8115.34 8.74 2370.28 48.70
8131.75 8.76 2335.84 49.71
8148.35 8.90 2299.87 50.24
8164.64 8.84 2264.06 53.14
8181.07 8.88 2225.00 53.75
8197.51 8.90 2182.73 53.96
8213.79 8.85 2139.40 55.53
8230.32 8.91 2095.75 56.41
8246.60 8.84 2050.31 57.76
8263.01 8.87 2005.04 56.76
8279.48 8.89 1956.39 56.11
8295.76 8.89 1909.73 54.49
8312.31 8.93 1862.32 53.36
8328.62 8.90 1811.25 51.51
8345.01 8.89 1762.89 49.61
8361.50 8.91 1714.65 49.00
8377.87 8.98 1666.29 47.77
8394.35 8.98 1617.17 47.24
