2.00 0.25 0.56 2.18
30.50 8.92 3.00 4.95
57.00 8.79 18.56 5.27
83.31 8.95 31.00 9.89
109.81 8.84 48.87 5.11
136.31 8.95 63.75 6.36
162.62 8.89 77.18 12.89
189.06 8.79 95.00 5.19
215.43 8.94 111.81 5.04
241.93 8.82 127.68 6.34
268.43 8.94 141.93 5.04
294.81 8.86 160.18 7.09
321.18 8.77 174.06 5.32
347.56 8.91 191.50 7.20
374.06 8.79 208.00 8.46
400.50 8.94 223.56 8.08
426.93 8.83 239.00 9.73
453.31 8.73 253.50 5.04
479.75 9.12 269.62 6.18
506.25 9.01 284.50 4.91
532.62 9.16 299.00 5.89
559.06 9.05 316.43 5.45
585.43 8.96 330.56 5.50
611.87 9.09 343.12 11.41
638.31 8.98 364.37 7.19
664.75 9.13 378.12 5.73
691.06 9.04 394.93 5.24
717.56 8.92 408.06 7.76
743.93 9.07 422.43 7.90
770.37 8.97 441.12 6.16
796.75 9.14 454.37 5.00
823.06 9.04 468.68 6.95
849.62 8.90 483.43 5.70
876.00 9.05 494.37 3.33
902.50 8.93 508.56 2.00
928.93 9.08 526.18 15.60
955.25 8.99 535.56 3.79
981.75 8.86 546.25 3.25
1008.12 9.03 557.31 3.58
1034.56 8.91 568.68 2.99
1061.06 9.04 575.12 5.52
1087.25 8.99 585.50 4.90
1113.75 8.86 594.06 3.51
1140.18 9.01 602.68 3.51
1166.87 8.90 609.12 4.09
1193.25 8.79 616.37 5.53
1219.56 8.98 619.37 14.65
1246.81 9.15 628.93 3.53
1273.18 9.29 636.06 5.39
1299.56 9.24 638.12 9.41
1326.00 9.08 643.81 8.18
1352.56 9.24 654.81 18.62
1378.87 9.13 655.25 3.94
1405.81 9.29 660.56 4.66
1432.25 9.23 664.56 6.69
1459.25 9.28 667.81 1.70
1486.37 11.39 671.56 2.00
1512.68 11.26 675.25 1.71
1539.12 11.42 676.31 7.82
1565.87 11.22 682.43 2.03
1592.12 11.15 684.25 2.25
1619.12 11.23 688.75 7.40
1645.56 11.07 690.00 7.36
1671.81 11.31 690.00 16.78
1698.50 11.11 699.12 8.37
1724.81 10.98 698.68 1.93
1751.18 11.12 700.43 5.28
1777.68 11.00 703.87 5.83
1804.06 11.17 708.06 6.24
1830.62 11.03 708.12 3.42
1857.62 10.93 707.75 10.89
1883.93 11.09 714.68 6.09
1910.56 10.92 715.87 3.26
1936.87 10.84 716.75 1.60
1963.68 10.81 719.12 1.41
1990.12 10.75 721.31 1.61
2017.06 10.74 721.50 8.23
2043.56 10.60 725.50 1.12
2069.87 10.52 727.56 4.11
2096.25 10.68 726.87 5.37
2122.75 10.55 731.75 11.93
2149.06 10.72 730.50 7.07
2175.68 10.54 735.62 11.01
2201.93 10.50 735.37 2.62
2228.43 10.66 732.12 16.09
2254.81 10.56 737.37 6.01
2281.25 10.71 740.37 4.20
2307.81 10.53 740.62 1.27
2334.12 10.44 740.31 7.72
2360.62 10.53 743.75 1.82
2386.93 10.48 744.06 3.30
2413.43 10.63 745.62 2.55
2439.87 10.53 748.18 1.59
2466.25 10.49 752.18 10.01
2492.81 10.78 755.81 21.78
2519.18 10.73 751.25 1.78
2545.56 10.87 748.12 18.14
2572.00 10.73 751.75 13.15
2598.31 10.66 755.18 5.87
2624.81 10.80 756.18 1.88
2651.25 10.71 757.12 1.73
2677.62 10.83 758.93 1.85
2704.12 10.65 761.50 4.65
2730.37 10.62 757.25 9.65
2756.87 10.76 759.56 10.18
2783.31 10.63 765.12 5.90
2809.68 10.78 763.68 0.98
2836.25 10.65 765.25 2.33
2862.43 10.65 768.06 7.03
2888.93 10.78 767.56 2.37
2915.37 10.60 767.75 1.25
2941.81 10.76 768.68 2.49
2968.25 10.61 768.56 5.57
2994.75 10.57 770.00 2.45
3021.00 10.75 771.00 2.43
3047.62 10.60 774.43 6.21
3073.93 10.77 769.50 8.09
3100.37 10.63 774.93 6.48
3127.12 10.39 774.87 2.62
3153.37 10.56 777.00 1.66
3180.68 10.51 773.62 7.83
3207.00 10.64 778.37 5.28
3233.75 10.89 779.81 2.98
3260.25 10.84 781.00 3.45
3286.75 10.86 780.43 1.90
3313.25 10.68 783.93 10.29
3339.93 10.37 783.00 3.82
3366.18 10.62 780.62 6.25
3392.87 10.48 784.25 4.52
3419.18 10.62 784.81 2.96
3446.06 10.66 785.75 4.01
3472.56 11.22 788.87 11.45
3498.75 11.19 784.81 6.42
3525.43 11.07 788.18 4.23
3551.68 11.19 787.75 1.60
3578.75 11.13 793.37 11.07
3605.25 10.96 792.56 11.54
3631.62 11.12 791.31 4.79
3658.18 10.95 793.68 7.15
3684.75 10.85 790.25 8.96
3711.06 10.90 792.50 0.79
3738.00 10.40 793.37 1.36
3764.31 10.59 793.00 2.03
3790.87 10.42 793.18 4.91
3817.12 10.57 795.50 5.72
3844.00 10.75 795.93 3.83
3870.50 10.58 795.75 4.92
3896.81 10.66 797.75 2.02
3923.43 10.53 798.18 11.27
3949.68 10.67 798.50 3.24
3976.00 10.64 801.62 6.70
4002.62 10.50 799.62 2.34
4028.87 10.67 799.43 3.39
4055.50 10.52 799.00 6.91
4081.68 10.70 801.75 1.03
4108.06 10.63 804.56 8.43
4134.68 10.46 802.93 2.36
4161.06 10.68 803.43 2.09
4187.68 10.57 804.25 1.95
4213.93 10.73 803.87 3.16
4240.37 10.71 799.31 19.81
4266.93 10.57 807.93 6.84
4293.12 10.68 807.06 1.48
4319.75 10.61 802.75 13.89
4346.06 10.48 807.18 1.81
4372.43 10.65 807.87 1.17
4399.37 10.46 808.12 2.78
4425.50 10.62 808.37 1.90
4452.25 10.51 808.87 3.04
4478.81 11.72 809.56 3.08
4505.06 11.64 814.00 8.42
4531.75 11.79 811.25 1.35
4557.93 11.69 811.81 1.07
4584.56 11.59 810.75 7.83
4610.93 11.71 811.68 1.31
4637.25 11.60 813.18 2.96
4663.81 11.77 813.00 2.83
4690.56 11.48 811.37 12.61
4717.06 11.36 816.37 6.26
4743.62 11.44 818.37 11.97
4769.87 11.37 816.12 2.89
4796.50 11.51 817.87 6.03
4822.62 11.44 818.87 7.42
4849.06 11.45 817.87 3.57
4875.68 11.47 816.93 3.32
4902.25 11.10 817.93 2.01
4928.87 11.16 821.50 7.63
4955.18 11.06 818.25 6.04
4981.62 10.99 820.43 8.16
5008.56 11.07 820.62 0.86
5034.75 11.00 821.00 1.90
5061.25 11.01 822.43 7.04
5087.62 11.03 822.06 2.66
5113.93 10.94 821.43 2.47
5141.43 10.91 821.25 7.26
5168.06 11.03 821.31 6.54
5194.43 10.83 823.50 2.03
5220.87 11.10 823.81 1.38
5247.31 10.97 824.75 3.80
5273.93 11.13 822.06 13.01
5300.56 10.68 828.00 8.92
5327.12 10.50 824.81 2.94
5354.37 10.41 826.18 0.95
5380.87 10.17 825.68 2.31
5407.31 10.36 828.87 7.00
5433.56 10.34 827.68 1.96
5460.00 10.15 828.56 1.94
5486.56 10.61 827.62 1.83
5513.06 10.36 829.18 3.73
5539.37 10.57 830.62 5.09
5566.18 10.65 829.37 2.29
5592.56 10.66 829.12 4.46
5619.43 10.45 829.18 4.22
5645.75 10.27 831.31 7.88
5672.18 10.40 830.06 2.59
5698.56 10.36 831.62 0.93
5724.93 10.19 833.81 5.75
5751.43 10.40 833.12 7.14
5777.75 10.31 831.12 6.58
5804.18 10.37 832.68 4.41
5830.56 10.36 833.50 1.12
5856.93 10.22 834.06 2.66
5883.43 10.41 832.87 9.47
5909.87 10.25 832.18 7.61
5936.31 10.34 834.93 1.56
5962.75 10.24 835.50 1.73
5989.06 10.10 835.68 2.31
6016.31 10.57 833.56 8.08
6042.75 10.45 833.75 7.64
6069.18 10.57 835.81 1.24
6095.50 10.52 838.25 5.26
6121.93 10.42 832.81 15.39
6148.31 10.55 838.31 5.18
6175.68 11.23 837.50 1.54
6202.00 11.31 833.75 9.00
6228.50 11.32 839.50 4.70
6254.93 11.22 834.75 9.53
6281.25 11.30 838.37 5.27
6307.81 11.26 838.56 7.28
6334.31 11.29 841.56 7.53
6360.62 11.28 839.75 2.22
6387.06 11.18 841.37 2.57
6414.12 11.28 840.75 1.25
6440.68 11.28 841.18 2.35
6467.06 11.13 842.93 5.04
6494.25 14.01 836.93 19.17
6520.81 13.81 843.81 2.10
6547.00 13.73 842.62 1.93
6574.37 14.47 844.68 7.47
6600.68 14.29 843.93 2.31
6627.25 14.48 842.56 1.84
6653.75 14.25 844.06 2.28
6680.00 14.13 843.56 2.72
6706.50 14.40 847.68 9.56
6732.93 14.14 845.31 3.12
6759.31 14.36 846.56 4.03
