1.93 0.24 0.56 2.18
30.75 8.85 2.93 5.44
56.93 8.81 17.25 5.76
83.56 8.90 32.18 5.81
109.81 8.85 46.56 8.54
136.37 8.95 68.31 21.05
162.93 8.82 74.75 15.33
189.93 9.13 95.37 6.51
216.43 9.20 110.43 5.31
242.75 9.19 127.37 5.83
269.18 9.29 144.75 15.55
295.75 9.19 159.56 8.31
321.93 9.13 172.50 9.89
348.37 9.22 186.68 9.85
374.81 9.17 202.81 10.77
401.25 9.27 221.25 5.70
428.06 9.09 236.62 6.42
454.12 9.07 250.81 7.55
480.62 9.16 270.87 7.25
507.06 9.09 284.37 5.76
533.37 9.24 300.00 5.06
560.06 9.09 314.62 9.10
586.06 9.09 330.18 8.92
612.68 9.14 347.81 11.46
639.18 9.04 365.75 7.61
665.68 9.38 379.06 6.87
692.18 9.21 395.93 6.90
718.31 9.25 413.31 15.87
744.81 9.33 426.62 3.64
771.31 9.25 444.12 6.02
797.62 9.40 463.81 15.45
824.12 9.23 476.43 7.61
850.37 9.23 488.06 11.48
876.93 9.28 509.31 7.76
903.50 9.18 524.06 5.88
929.81 9.32 540.50 6.43
956.43 9.11 556.50 6.39
982.62 9.14 572.31 5.90
1009.00 9.26 588.00 5.68
1035.56 9.16 606.37 7.90
1061.75 9.34 619.12 7.54
1088.43 9.11 634.93 6.94
1115.25 9.35 652.12 5.85
1142.50 9.62 667.62 5.92
1169.93 9.73 684.25 6.11
1196.18 9.76 701.50 7.57
1222.75 9.68 716.68 6.43
1249.06 9.83 731.87 8.97
1275.43 9.85 746.81 7.95
1301.93 9.73 765.43 9.31
1328.12 9.80 778.43 6.61
1354.68 9.72 794.06 6.13
1381.12 9.80 807.43 9.80
1407.62 9.75 828.81 11.28
1434.12 9.56 839.50 10.28
1460.43 9.63 857.87 7.45
1486.93 9.59 872.00 6.48
1513.31 9.70 888.87 7.24
1539.68 9.72 902.12 10.60
1566.12 9.56 920.62 5.89
1592.37 9.66 931.87 18.41
1618.93 9.59 951.25 5.34
1645.81 9.52 968.00 5.57
1672.62 9.40 983.12 9.74
1699.00 9.28 995.87 11.92
1725.37 9.32 1014.06 8.51
1751.75 9.36 1031.37 6.04
1778.12 9.35 1043.56 23.56
1804.56 9.45 1062.87 5.70
1831.00 9.28 1077.25 6.68
1857.75 9.27 1094.75 5.04
1884.81 9.01 1111.31 6.20
1911.75 8.83 1128.00 5.60
1939.18 8.65 1144.56 7.71
1965.37 8.51 1157.00 7.10
1991.81 8.62 1174.37 5.79
2018.25 8.63 1191.31 6.30
2044.50 8.56 1205.93 6.24
2071.12 8.64 1222.56 6.60
2097.56 8.58 1236.00 7.74
2124.00 8.70 1253.18 6.16
2150.50 8.79 1269.81 6.06
2177.43 9.27 1285.43 5.64
2203.87 9.14 1296.25 16.33
2230.25 9.12 1316.31 6.46
2256.56 9.27 1333.12 5.94
2283.06 9.27 1347.68 6.66
2309.37 9.23 1363.12 10.00
2335.75 9.17 1379.37 8.79
2362.31 9.06 1395.12 6.21
2388.68 9.14 1412.50 5.91
2415.50 8.91 1428.87 8.62
2442.00 8.56 1444.31 5.29
2468.68 8.45 1459.62 5.52
2495.00 8.56 1477.75 10.81
2521.37 8.63 1493.43 11.44
2547.87 8.66 1507.62 5.98
2574.00 8.56 1520.62 8.13
2600.62 8.53 1538.06 6.01
2627.37 8.24 1554.81 5.32
2653.93 8.64 1569.12 7.40
2680.43 8.48 1585.68 6.20
2706.62 8.58 1602.00 5.92
2733.25 8.49 1616.62 8.52
2759.62 8.58 1633.12 7.18
2786.00 8.61 1650.25 6.37
2812.37 8.48 1658.93 18.11
2838.62 8.58 1681.81 5.90
2865.25 8.54 1698.18 4.82
2892.00 8.60 1710.31 10.83
2918.75 8.66 1728.50 6.88
2945.06 8.58 1745.50 6.21
2971.25 8.66 1761.06 5.77
2997.87 8.61 1775.56 9.68
3024.12 8.54 1792.87 5.34
3050.68 8.64 1804.18 19.41
3077.00 8.56 1824.56 8.77
3103.62 8.85 1840.12 8.17
3130.81 9.14 1857.87 6.30
3157.68 9.57 1873.00 7.44
3184.18 9.89 1891.06 7.88
3210.62 9.66 1906.68 7.16
3236.93 9.76 1921.87 8.77
3263.56 9.73 1937.56 8.78
3289.75 9.63 1951.62 9.36
3316.06 9.90 1969.12 5.74
3342.62 9.66 1985.18 6.73
3369.12 9.45 2000.50 8.33
3396.18 9.02 2017.25 6.07
3422.37 8.94 2037.12 17.75
3449.00 9.02 2045.37 15.37
3475.37 8.89 2066.93 7.73
3501.56 9.02 2080.81 5.19
3528.25 8.97 2097.62 6.29
3554.43 8.90 2119.25 21.73
3581.00 9.02 2128.18 4.10
3607.37 8.89 2147.50 22.21
3634.37 8.89 2161.68 7.00
3661.06 8.92 2177.37 9.38
3687.43 8.84 2191.56 6.57
3713.68 9.08 2207.18 8.34
3740.25 8.86 2225.31 5.20
3766.50 9.01 2240.68 5.75
3793.12 8.87 2256.43 6.00
3819.37 8.81 2271.75 5.88
3845.62 9.01 2288.12 5.97
3872.37 8.78 2303.62 6.50
3898.68 8.93 2320.06 6.92
3925.37 8.80 2337.81 7.49
3951.56 8.80 2351.00 6.02
3977.87 8.94 2369.31 8.23
4004.50 8.79 2386.75 13.26
4030.75 8.94 2400.25 6.35
4057.37 8.80 2414.87 5.74
4083.56 8.80 2428.81 7.33
4110.56 9.84 2449.87 14.44
4137.31 9.68 2462.50 7.42
4163.75 9.98 2479.37 7.98
4190.31 9.76 2492.87 9.35
4216.43 9.73 2511.50 6.90
4242.81 10.04 2526.75 5.89
4269.37 9.73 2541.62 5.78
4295.62 9.73 2557.12 6.09
4322.31 9.76 2573.25 6.16
4348.43 9.73 2589.62 4.84
4374.81 9.91 2606.87 7.03
4401.50 9.60 2620.62 7.49
4428.56 9.29 2634.68 13.06
4455.18 9.34 2649.12 12.71
4481.31 9.24 2670.25 6.52
4507.75 9.48 2685.56 5.96
4534.31 9.24 2698.31 8.58
4560.56 9.23 2716.18 6.15
4587.06 9.40 2733.25 8.65
4613.37 9.26 2747.93 5.94
4639.87 9.45 2762.75 5.36
4666.68 10.24 2780.50 7.66
4693.18 10.22 2794.75 7.51
4719.62 10.24 2810.43 5.73
4745.93 10.25 2825.93 6.24
4772.31 10.33 2842.50 6.36
4798.75 10.18 2857.31 7.29
4825.12 10.21 2872.50 8.45
4851.81 10.11 2889.50 7.92
4878.43 9.99 2904.18 8.03
4905.50 10.27 2923.37 8.39
4932.62 10.40 2936.87 7.41
4959.06 10.41 2953.43 7.96
4985.43 10.53 2969.00 6.74
5011.87 10.43 2988.81 18.85
5038.18 10.42 3000.18 6.89
5064.62 10.40 3016.75 6.01
5091.06 10.48 3031.25 6.02
5117.43 10.56 3048.18 6.18
5144.25 10.93 3063.00 6.92
5171.06 11.08 3078.56 7.67
5197.31 10.91 3094.75 6.71
5223.68 11.03 3109.25 6.44
5250.12 11.02 3126.12 6.01
5276.43 10.92 3140.37 6.82
5303.06 11.08 3155.43 7.87
5329.31 10.91 3168.56 11.69
5355.68 11.03 3186.50 7.15
5382.87 10.42 3205.12 8.11
5410.31 9.85 3224.18 14.72
5437.06 9.86 3234.25 6.89
5463.31 9.71 3251.25 5.98
5489.75 9.78 3268.31 9.12
5516.12 9.78 3278.00 17.89
5542.37 9.63 3296.93 5.84
5569.00 9.71 3312.62 5.82
5595.31 9.71 3328.75 6.12
5622.18 9.82 3344.37 5.99
5648.87 9.56 3358.12 6.55
5675.37 9.53 3374.37 6.20
5701.87 9.56 3390.50 7.11
5728.18 9.53 3405.37 6.73
5754.56 9.47 3423.81 8.75
5781.06 9.52 3439.31 17.31
5807.25 9.44 3454.06 14.11
5833.87 9.56 3466.18 7.38
5860.18 9.49 3481.56 5.84
5886.87 9.45 3495.43 9.97
5913.37 9.50 3512.81 5.74
5939.62 9.46 3528.37 6.76
5966.12 9.54 3546.50 9.82
5992.50 9.58 3559.93 5.64
6018.93 9.48 3573.18 6.01
6045.31 9.59 3589.37 5.99
6071.62 9.46 3605.43 6.04
6098.56 10.16 3621.06 7.08
6125.00 10.21 3636.93 12.86
6151.56 10.19 3648.93 6.03
6178.00 10.34 3665.56 5.28
6204.25 10.29 3680.43 8.38
6230.81 10.24 3697.12 19.32
6257.12 10.29 3711.12 6.76
6283.62 10.21 3725.37 6.60
6309.93 10.36 3742.31 6.09
6336.25 10.29 3755.50 7.09
6362.81 10.21 3771.93 5.99
6389.25 10.24 3786.68 6.27
6415.68 10.28 3802.68 7.17
6442.25 10.22 3816.87 6.15
6468.56 10.08 3832.62 6.21
6495.00 10.11 3848.00 8.62
6521.31 10.13 3861.43 5.59
6547.62 10.14 3877.81 5.51
6574.18 10.12 3894.00 9.27
6600.56 10.08 3905.50 8.23
6627.06 10.13 3922.93 8.39
6653.43 10.09 3938.18 5.75
6680.25 9.70 3951.37 14.99
6706.68 9.72 3967.00 10.79
6733.00 9.87 3984.43 10.20
6759.56 9.74 3995.56 5.24
