2 2651
55 2690
71 2698
88 2709
104 2726
121 2739
137 2750
153 2763
170 2772
186 2786
203 2797
219 2812
235 2824
252 2836
268 2848
285 2864
301 2874
317 2882
334 2896
350 2906
366 2913
383 2928
399 2941
416 2951
432 2960
448 2976
465 2983
481 2995
498 3007
514 3020
530 3024
547 3034
563 3005
580 3052
596 3065
612 3048
629 3084
645 3093
662 3101
678 3113
694 3119
711 3124
727 3137
744 3144
760 3153
776 3158
793 3168
809 3173
825 3180
842 3190
858 3197
875 3200
891 3209
907 3216
924 3220
940 3223
957 3232
973 3237
991 3243
1007 3245
1023 3251
1040 3260
1056 3260
1073 3264
1089 3247
1105 3274
1122 3276
1138 3257
1154 3284
1171 3285
1187 3283
1204 3289
1220 3292
1236 3295
1253 3294
1269 3302
1286 3301
1302 3301
1318 3304
1335 3306
1351 3301
1368 3301
1384 3303
1400 3306
1417 3302
1433 3306
1450 3305
1466 3303
1482 3301
1499 3301
1515 3299
1532 3297
1548 3295
1564 3294
1581 3291
1597 3287
1613 3275
1630 3283
1646 3282
1663 3275
1679 3278
1695 3271
1712 3263
1728 3264
1745 3256
1761 3255
1777 3249
1794 3245
1810 3240
1827 3237
1843 3233
1859 3226
1876 3219
1892 3217
1909 3207
1925 3202
1941 3197
1958 3189
1974 3183
1997 3175
2013 3133
2029 3160
2046 3153
2062 3159
2079 3137
2095 3131
2111 3125
2128 3117
2144 3105
2161 3105
2177 3095
2193 3084
2210 3069
2226 3068
2243 3060
2259 3049
2275 3040
2292 3031
2308 3019
2325 3012
2341 3006
2357 2995
2374 2982
2390 2974
2406 2967
2423 2953
2439 2949
2456 2935
2472 2926
2488 2915
2505 2904
2521 2894
2538 2882
2554 2872
2570 2859
2587 2849
2603 2839
2620 2828
2636 2820
2652 2803
2669 2794
2685 2785
2702 2775
2718 2757
2734 2751
2751 2739
2767 2726
2784 2716
2800 2706
2816 2691
2833 2681
2849 2671
2865 2659
2882 2642
2898 2634
2915 2627
2931 2612
2947 2602
2964 2599
2980 2575
2998 2566
3014 2554
3031 2540
3047 2528
3063 2499
3080 2505
3096 2489
3113 2488
3129 2472
3145 2459
3162 2444
3178 2438
3194 2426
3211 2415
3227 2404
3244 2392
3260 2377
3276 2368
3293 2357
3309 2346
3326 2335
3342 2326
3358 2317
3375 2302
3391 2292
3408 2283
3424 2270
3440 2258
3457 2251
3473 2241
3490 2227
3506 2217
3522 2212
3539 2197
3555 2189
3572 2181
3588 2215
3604 2157
3621 2151
3637 2190
3653 2128
3670 2120
3686 2113
3703 2105
3719 2096
3735 2096
3752 2081
3768 2069
3785 2061
3801 2057
3817 2044
3834 2037
3850 2028
3867 2023
3883 2013
3899 2011
3916 2002
3932 1992
3949 1985
3965 1979
3981 1972
3999 1969
4015 1964
4032 1955
4048 1950
4064 1943
4081 1938
4097 1933
4114 1918
4130 1925
4146 1918
4163 1947
4179 1911
4196 1904
4212 1903
4228 1900
4245 1894
4261 1893
4278 1887
4294 1886
4310 1880
4327 1879
4343 1876
4360 1870
4376 1876
4392 1871
4409 1870
4425 1867
4441 1865
4458 1866
4474 1867
4491 1864
4507 1863
4523 1868
4540 1864
4556 1859
4573 1864
4589 1907
4605 1866
4622 1867
4638 1847
4655 1871
4671 1875
4687 1876
4704 1880
4720 1880
4737 1883
4753 1889
4769 1888
4786 1893
4802 1895
4819 1898
4835 1904
4851 1908
4868 1912
4884 1916
4900 1921
4917 1928
4933 1932
4950 1935
4966 1941
4984 1950
5001 1953
5017 1961
5033 1969
5050 1972
5066 1980
5083 1993
5099 1992
5115 2002
5132 2006
5148 2021
5164 2025
5181 2031
5197 2042
5214 2038
5230 2057
5246 2067
5263 2057
5279 2083
5296 2094
5312 2160
5328 2113
5345 2123
5361 2134
5378 2146
5394 2153
5410 2150
5427 2172
5443 2181
5460 2191
5476 2206
5492 2217
5509 2227
5525 2237
5542 2250
5558 2259
5574 2272
5591 2286
5607 2297
5623 2304
5640 2318
5656 2333
5673 2344
5689 2373
5705 2371
5722 2383
5738 2377
5755 2406
5771 2417
5787 2425
5804 2441
5820 2458
5837 2470
5853 2481
5869 2495
5886 2507
5902 2519
5919 2532
5935 2553
5951 2554
5968 2570
5986 2593
6002 2599
6019 2613
6035 2628
6052 2642
6068 2650
6084 2667
6101 2677
6117 2689
6134 2703
6150 2712
6166 2731
6183 2739
6199 2753
6216 2766
6232 2777
6248 2792
6265 2802
6281 2816
6297 2828
6314 2828
6330 2853
6347 2867
6363 2833
6379 2889
6396 2901
6412 2900
6429 2923
6445 2937
6461 2946
6478 2958
6494 2967
6511 2981
6527 2990
6543 3000
6560 3011
6576 3021
6593 3033
6609 3043
6625 3057
6642 3063
6658 3073
6675 3083
6691 3090
6707 3097
6724 3112
6740 3119
6756 3124
6773 3134
6789 3145
6806 3152
6822 3160
6838 3179
6855 3178
6871 3184
6888 3224
6904 3201
6920 3203
6937 3205
6953 3218
6970 3227
6987 3146
7004 3238
7020 3246
7036 3250
7053 3255
7069 3257
7085 3261
7102 3269
7118 3275
7135 3273
7151 3279
7167 3287
7184 3287
7200 3290
7217 3294
7233 3297
7249 3298
7266 3304
7282 3307
7299 3306
7315 3308
7331 3312
7348 3314
7364 3313
7381 3313
7397 3316
7413 3280
7430 3317
7446 3321
7463 3341
7479 3317
7495 3320
7512 3319
7528 3317
7544 3314
7561 3313
7577 3311
7594 3312
7610 3304
7626 3308
7643 3305
7659 3302
7676 3300
7692 3299
7708 3293
7725 3292
7741 3287
7758 3282
7774 3280
7790 3278
7807 3273
7823 3268
7840 3265
7856 3262
7872 3255
7889 3244
7905 3247
7922 3242
7938 3194
7954 3231
7971 3224
7991 3213
8007 3210
8024 3207
8040 3201
8057 3190
8073 3186
8089 3180
8106 3173
8122 3164
8138 3163
8155 3146
8171 3145
8188 3135
8204 3126
8220 3119
8237 3111
8253 3103
8270 3092
8286 3079
8302 3076
8319 3067
8335 3064
8352 3050
8368 3040
8384 3037
8401 3021
8417 3013
8434 3004
8450 2992
8466 2984
8483 2975
8499 2962
8516 2954
8532 2944
8548 2931
8565 2924
8581 2914
8597 2901
8614 2848
8630 2881
8647 2870
8663 2877
8679 2847
8696 2836
8712 2817
8729 2817
8745 2801
8761 2790
8778 2782
8794 2773
8811 2761
8827 2746
8843 2738
8860 2729
8876 2713
8893 2702
8909 2692
8925 2677
8942 2666
8958 2655
8975 2646
8992 2632
9008 2621
9025 2609
9041 2599
9058 2587
9074 2575
9090 2562
9107 2550
9123 2540
9140 2527
9156 2513
9172 2505
9189 2491
9205 2483
9222 2469
9238 2450
9254 2448
9271 2438
9287 2429
9304 2413
9320 2402
9336 2390
9353 2379
9369 2366
9385 2357
9402 2346
9418 2337
9435 2328
9451 2312
9467 2304
9484 2294
9500 2280
9517 2270
9533 2262
9549 2248
9566 2239
9582 2223
9599 2221
9615 2209
9631 2202
9648 2191
9664 2181
9681 2169
9697 2163
9713 2163
9730 2142
9746 2131
9763 2128
9779 2118
9795 2109
9812 2093
9828 2093
9844 2082
9861 2071
9877 2066
9894 2057
9910 2048
9926 2038
9943 2034
9959 2037
9976 2020
9999 2008
10016 2001
10032 1999
10048 1989
10065 1983
10081 1981
10098 1976
10114 1941
10130 1963
10147 1958
10163 1946
10179 1945
10196 1939
10212 1933
10229 1930
10245 1924
10261 1933
10278 1921
10294 1917
10311 1916
10327 1910
10343 1903
10360 1906
10376 1899
10393 1896
10409 1892
10425 1895
10442 1892
10458 1891
10475 1888
10491 1890
10507 1885
10524 1885
10540 1884
10557 1888
10573 1884
10589 1880
10606 1884
10622 1881
10638 1883
10655 1885
10671 1888
10688 1886
10704 1887
10720 1889
10737 1952
10753 1890
10770 1893
10786 1893
10802 1898
10819 1903
10835 1901
10852 1907
10868 1909
10884 1918
10901 1922
10917 1921
10934 1928
10950 1933
10966 1937
10984 1945
11000 1947
11017 1953
11033 1958
11049 1967
11066 1971
11082 1977
11099 1987
11115 1993
11131 1995
11148 2002
11164 2010
11181 2017
11197 2024
11213 2039
11230 2040
11246 2048
11263 2045
11279 2066
11295 2070
11312 2085
11328 2091
11345 2099
11361 2119
11377 2117
11394 2130
11410 2137
11426 2145
11443 2160
11459 2169
11476 2178
11492 2185
11508 2199
11525 2207
11541 2218
11558 2231
11574 2240
11590 2252
11607 2265
11623 2276
11640 2287
11656 2296
11672 2312
11689 2317
11705 2331
11722 2345
11738 2356
11754 2368
11771 2381
11787 2402
11804 2407
11820 2418
11836 2435
11853 2447
11869 2454
11885 2469
11902 2478
11918 2495
11935 2508
11951 2518
11967 2535
11985 2543
12001 2559
12018 2570
12034 2587
12051 2600
12067 2611
12083 2621
12100 2637
12116 2648
12133 2662
12149 2673
12165 2688
12182 2697
12198 2713
12214 2725
12231 2741
12247 2752
12264 2822
12280 2778
12296 2787
12313 2786
12329 2814
12346 2825
12362 2852
12378 2849
12395 2865
12411 2875
12428 2886
12444 2900
12460 2910
12477 2920
12493 2931
12510 2943
12526 2952
12542 2962
12559 2981
12575 2990
12592 2998
12608 3009
12624 3023
12641 3029
12657 3042
12673 3053
12690 3060
12706 3069
12723 3081
12739 3090
12755 3101
12772 3105
12788 3125
12805 3126
12821 3134
12837 3172
12854 3152
12870 3160
12887 3165
12903 3176
12919 3183
12936 3187
12952 3198
12969 3204
12987 3197
13004 3217
13020 3225
13037 3228
13053 3237
13069 3243
13086 3251
13102 3255
13119 3257
13135 3263
13151 3270
13168 3274
13184 3272
13200 3284
13217 3283
13233 3289
13250 3292
13266 3297
13282 3298
13299 3302
13315 3305
13332 3306
13348 3308
13364 3311
13381 3315
13397 3313
13414 3257
13430 3318
13446 3318
13463 3329
13479 3321
13496 3321
13512 3320
13528 3320
13545 3323
13561 3324
13578 3320
13594 3322
13610 3312
13627 3316
13643 3315
13659 3309
13676 3306
13692 3309
13709 3306
13725 3306
13741 3302
13758 3300
13774 3299
13791 3295
13807 3291
13823 3290
13840 3283
13856 3278
13873 3278
13889 3271
13905 3267
13922 3261
13938 3277
13955 3255
13971 3246
13988 3234
14005 3237
14021 3233
14038 3239
14054 3218
14070 3212
14087 3237
14103 3201
14120 3194
14136 3191
14152 3185
14169 3172
14185 3164
14202 3165
14218 3150
14234 3146
14251 3139
14267 3130
14284 3119
14300 3112
14316 3108
14333 3094
14349 3087
14366 3082
14382 3070
14398 3060
14415 3053
14431 3046
14447 3030
14464 3027
14480 3017
14497 3004
14513 2995
14529 2987
14546 2977
14562 2949
14579 2956
14595 2948
14611 2935
14628 2923
14644 2915
14661 2902
14677 2892
14693 2883
14710 2866
14726 2862
14743 2851
14759 2840
14775 2832
14792 2817
14808 2805
14825 2795
14841 2783
14857 2773
14874 2760
14890 2751
14906 2740
14923 2727
14939 2718
14956 2706
14972 2693
14993 2678
15010 2670
15026 2654
15042 2645
15059 2635
15075 2620
15092 2612
15108 2597
15124 2585
15141 2576
15157 2559
15174 2549
15190 2539
15206 2529
15223 2514
15239 2503
15255 2493
15272 2482
15288 2459
15305 2456
15321 2448
15337 2417
15354 2421
15370 2412
15387 2487
15403 2387
15419 2378
15436 2371
15452 2357
15469 2344
15485 2324
15501 2323
15518 2310
15534 2293
15551 2291
15567 2283
15583 2270
15600 2260
15616 2251
15633 2237
15649 2229
15665 2218
15682 2210
15698 2193
15714 2189
15731 2178
15747 2169
15764 2172
15780 2150
15796 2143
15813 2152
15829 2124
15846 2114
15862 2105
15878 2096
15895 2089
15911 2073
15928 2072
15944 2062
15960 2054
15977 2051
15994 2043
16011 2041
16027 2025
16043 2018
16060 2015
16076 2003
16093 1994
16109 1982
16125 1986
16142 1977
16158 1971
16175 1969
16191 1961
16207 1956
16224 1952
16240 1947
16257 1939
16273 1937
16289 1934
16306 1927
16322 1919
16339 1999
16355 1915
16371 1911
16388 1923
16404 1906
16420 1897
16437 1890
16453 1895
16470 1896
16486 1886
16502 1887
16519 1888
16535 1885
16552 1883
16568 1884
16584 1887
16601 1880
16617 1879
16634 1878
16650 1878
16666 1877
16683 1877
16699 1882
16716 1882
16732 1879
16748 1883
16765 1882
16781 1885
16798 1886
16814 1888
16830 1888
16847 1892
16863 1895
16879 1896
16896 1899
16912 1877
16929 1909
16945 1910
16961 1915
16978 1921
16995 1924
17012 2029
17028 1928
17045 1935
17061 1938
17077 1947
17094 1950
17110 1959
17126 1964
17143 1967
17159 1979
17176 1981
17192 1990
17208 1994
17225 2001
17241 2246
17258 2016
17274 2022
17290 2029
17307 2040
17323 2046
17340 2055
17356 2066
17372 2070
17389 2078
17405 2088
17422 2099
17438 2071
17454 2115
17471 2126
17487 2149
17504 2143
17520 2156
17536 2169
17553 2175
17569 2184
17585 2193
17602 2205
17618 2216
17635 2220
17651 2239
17667 2251
17684 2265
17700 2276
17717 2284
17733 2296
17749 2308
17766 2320
17782 2328
17799 2342
17815 2356
17831 2365
17848 2377
17864 2392
17881 2403
17897 2413
17913 2399
17930 2440
17946 2453
17963 2501
17979 2478
17995 2491
18012 2493
18028 2511
18045 2530
18061 2540
18077 2550
18094 2565
18110 2585
18127 2588
18143 2604
18159 2613
18176 2631
18192 2642
18209 2655
18225 2669
18241 2678
18258 2695
18274 2707
18290 2717
18307 2731
18323 2743
18340 2755
18356 2768
18372 2781
18389 2797
18405 2804
18422 2817
18438 2822
18454 2841
18471 2852
18487 2905
18504 2879
18520 2888
18536 2901
18553 2914
18569 2922
18586 2926
18602 2945
18618 2958
18635 2965
18651 2976
18668 2991
18684 3010
18700 3010
18717 3020
18733 3032
18749 3040
18766 3046
18782 3060
18799 3068
18815 3079
18831 3089
18848 3098
18864 3105
18881 3115
18897 3122
18913 3165
18930 3138
18946 3148
18963 3187
18979 3162
18995 3168
19012 3165
19028 3184
19045 3191
19061 3197
19077 3206
19094 3209
19110 3224
19127 3223
19143 3229
19159 3235
19176 3240
19192 3245
19209 3248
19225 3252
19241 3258
19258 3262
19274 3266
19290 3271
19307 3277
19323 3277
19340 3279
19356 3285
19372 3287
19389 3291
19405 3297
19422 3296
19438 3305
19454 3297
19471 3301
19487 3335
19504 3303
19520 3305
19536 3306
19553 3304
19569 3307
19586 3303
19602 3307
19618 3304
19635 3306
19651 3307
19668 3301
19684 3302
19700 3303
19717 3303
19733 3299
19749 3295
19766 3295
19782 3291
19799 3288
19815 3286
19831 3288
19848 3280
19864 3280
19881 3276
19897 3271
19913 3295
19930 3264
19946 3261
19963 3281
19979 3248
19995 3253
20012 3239
20028 3234
20045 3233
20061 3231
20077 3221
20094 3216
20110 3217
20127 3203
20143 3195
20159 3192
20176 3186
20192 3177
20209 3171
20225 3167
20241 3158
20258 3150
20274 3145
20290 3137
20307 3129
20323 3119
20340 3113
20356 3103
20372 3093
20389 3089
20405 3080
20422 3069
20438 3067
20454 3057
20471 3044
20487 3046
20504 3026
20520 3018
20536 3006
20553 2995
20569 2989
20586 2970
20602 2968
20618 2960
20635 2951
20651 2937
20668 2929
20684 2920
20700 2906
20717 2896
20733 2888
20749 2875
20766 2861
20782 2854
20799 2846
20815 2833
20831 2821
20848 2814
20864 2799
20881 2786
20897 2775
20913 2726
20930 2752
20946 2743
20963 2720
20979 2720
20995 2708
21012 2697
21028 2687
21045 2675
21061 2668
21077 2653
21094 2641
21110 2623
21127 2615
21143 2606
21159 2588
21176 2580
21192 2570
21209 2562
21225 2545
21241 2535
21258 2523
21274 2509
21290 2500
21307 2488
21323 2475
21340 2465
21356 2453
21372 2444
21389 2429
21405 2418
21422 2409
21438 2414
21454 2386
21471 2371
21487 2370
21504 2350
21520 2338
21536 2329
21553 2319
21569 2307
21586 2299
21602 2286
21618 2274
21635 2264
21651 2256
21668 2244
21684 2234
21700 2222
21717 2213
21733 2202
21749 2196
21766 2180
21782 2175
21799 2161
21815 2151
21831 2147
21848 2138
21864 2123
21881 2116
21897 2109
21913 2146
21930 2089
21946 2083
21963 2080
21979 2064
21995 2054
22012 2046
22028 2038
22045 2032
22061 2021
22077 2015
22094 2009
22110 2002
22127 1997
22143 1991
22159 1981
22176 1978
22192 1975
22209 1962
22225 1958
22241 1951
22258 1945
22274 1938
22290 1935
22307 1929
22323 1921
22340 1922
22356 1918
22372 1914
22389 1906
22405 1904
22422 1899
22438 1911
22454 1888
22471 1891
22487 1931
22504 1884
22520 1878
22536 1882
22553 1876
22569 1874
22586 1870
22602 1869
22618 1870
22635 1872
22651 1862
22668 1862
22684 1871
22700 1865
22717 1862
22733 1863
22749 1862
22766 1864
22782 1864
22799 1866
22815 1865
22831 1870
22848 1867
22864 1868
22881 1872
22897 1875
22913 1892
22930 1882
22946 1885
22963 1893
22979 1886
22995 1890
23012 1905
23028 1898
23045 1902
23061 1906
23077 1911
23094 1914
23110 1919
23127 1931
23143 1930
23159 1941
23176 1943
23192 1946
23209 1952
23225 1959
23241 1969
23258 1971
23274 1980
23290 1986
23307 1993
23323 1999
23340 2006
23356 2019
23372 2023
23389 2031
23405 2040
23422 2046
23438 2060
23454 2063
23471 2078
23487 2131
23504 2093
23520 2103
23536 2109
23553 2121
23569 2132
23586 2144
23602 2148
23618 2160
23635 2170
23651 2181
23668 2191
23684 2201
23700 2215
23717 2226
23733 2236
23749 2250
23766 2259
23782 2269
23799 2281
23815 2293
23831 2305
23848 2316
23864 2330
23881 2340
23897 2354
23913 2366
23930 2382
23946 2390
23963 2405
23979 2416
23995 2429
24012 2440
24028 2450
24045 2469
24061 2477
24077 2492
24094 2505
24110 2524
24127 2532
24143 2544
24159 2561
24176 2570
24192 2582
24209 2595
24225 2605
24241 2622
24258 2635
24274 2649
24290 2657
24307 2672
24323 2687
24340 2699
24356 2711
24372 2724
24389 2737
24405 2750
24422 2762
24438 2769
24454 2788
24471 2800
24487 2774
24504 2828
24520 2834
24536 2849
24553 2862
24569 2871
24586 2881
24602 2899
24618 2909
24635 2917
24651 2932
24668 2944
24684 2954
24700 2965
24717 2978
24733 2988
24749 2996
24766 3009
24782 3019
24799 3027
24815 3039
24831 3049
24848 3060
24864 3070
24881 3079
24897 3090
24913 3091
24930 3104
24946 3115
24963 3112
24979 3129
24995 3139
25012 3165
25028 3153
25045 3165
25061 3173
25077 3180
25094 3186
25110 3187
25127 3201
25143 3203
25159 3211
25176 3220
25192 3228
25209 3228
25225 3235
25241 3249
25258 3251
25274 3251
25290 3259
25307 3261
25323 3266
25340 3272
25356 3276
25372 3276
25389 3282
25405 3290
25422 3289
25438 3262
25454 3298
25471 3300
25487 3324
25504 3302
25520 3305
25536 3306
25553 3306
25569 3309
25586 3310
25602 3314
25618 3312
25635 3312
25651 3313
25668 3313
25684 3316
25700 3317
25717 3309
25733 3312
25749 3311
25766 3311
25782 3306
25799 3309
25815 3308
25831 3301
25848 3299
25864 3299
25881 3294
25897 3292
25913 3295
25930 3291
25946 3280
25963 3310
25979 3278
25995 3272
26012 3231
26028 3266
26045 3263
26061 3255
26077 3249
26094 3250
26110 3247
26127 3238
26143 3231
26159 3224
26176 3220
26192 3214
26209 3202
26225 3201
26241 3195
26258 3190
26274 3185
26290 3176
26307 3167
26323 3163
26340 3151
26356 3145
26372 3141
26389 3134
26405 3123
26422 3113
26438 3135
26454 3097
26471 3088
26487 3081
26504 3074
26520 3063
26536 3055
26553 3047
26569 3037
26586 3018
26602 3021
26618 3008
26635 2994
26651 2991
26668 2981
26684 2976
26700 2957
26717 2950
26733 2941
26749 2927
26766 2920
26782 2910
26799 2898
26815 2886
26831 2878
26848 2862
26864 2854
26881 2845
26897 2837
26913 2821
26930 2811
26946 2803
26963 2818
26979 2776
26995 2765
27012 2745
27028 2746
27045 2732
27061 2723
27077 2708
27094 2696
27110 2686
27127 2675
27143 2664
27159 2650
27176 2640
27192 2628
27209 2611
27225 2605
27241 2596
27258 2579
27274 2568
27290 2559
27307 2551
27323 2536
27340 2526
27356 2513
27372 2500
27389 2489
27405 2479
27422 2464
27438 2392
27454 2441
27471 2434
27487 2434
27504 2407
27520 2397
27536 2386
27553 2371
27569 2364
27586 2348
27602 2340
27618 2331
27635 2327
27651 2308
27668 2297
27684 2288
27700 2279
27717 2263
27733 2256
27749 2247
27766 2236
27782 2224
27799 2218
27815 2206
27831 2196
27848 2185
27864 2175
27881 2166
27897 2158
27913 2150
27930 2141
27946 2126
27963 2128
27979 2111
27995 2101
28012 2121
28028 2083
28045 2079
28061 2070
28077 2061
28094 2053
28110 2053
28127 2035
28143 2031
28159 2025
28176 2016
28192 2007
28209 1997
28225 1998
28241 1988
28258 1982
28274 1978
28290 1975
28307 1966
28323 1958
28340 1955
28356 1947
28372 1944
28389 1939
28405 1936
28422 1928
28438 1972
28454 1921
28471 1916
28487 1891
28504 1908
28520 1907
28536 1900
28553 1899
28569 1903
28586 1887
28602 1891
28618 1887
28635 1886
28651 1883
28668 1883
28684 1883
28700 1885
28717 1879
28733 1879
28749 1879
28766 1875
28782 1877
28799 1877
28815 1877
28831 1876
28848 1878
28864 1881
28881 1879
28897 1879
28913 1882
28930 1886
28946 1883
28963 1879
28979 1891
28995 1894
29012 1855
29028 1898
29045 1904
29061 1909
29077 1911
29094 1915
29110 1912
29127 1920
29143 1925
29159 1933
29176 1932
29192 1938
29209 1941
29225 1948
29241 1959
29258 1961
29274 1973
29290 1975
29307 1980
29323 1989
29340 1993
29356 1999
29372 2007
29389 2015
29405 2022
29422 2027
29438 2030
29454 2045
29471 2056
29487 2078
29504 2074
29520 2082
29536 2091
29553 2099
29569 2107
29586 2115
29602 2128
29618 2136
29635 2146
29651 2156
29668 2170
29684 2173
29700 2186
29717 2198
29733 2210
29749 2217
29766 2227
29782 2238
29799 2251
29815 2260
29831 2275
29848 2289
29864 2298
29881 2310
29897 2321
29913 2336
29930 2342
29946 2355
29963 2362
29979 2379
29995 2390
30012 2368
30028 2422
30045 2431
30061 2491
30077 2457
30094 2469
30110 2486
30127 2494
30143 2509
30159 2526
30176 2532
30192 2548
30209 2552
30225 2570
30241 2586
30258 2600
30274 2613
30290 2620
30307 2637
30323 2646
30340 2662
30356 2676
30372 2691
30389 2700
30405 2717
30422 2730
30438 2740
30454 2752
30471 2765
30487 2791
30504 2789
30520 2802
30536 2817
30553 2826
30569 2841
30586 2846
30602 2864
30618 2876
30635 2890
30651 2899
30668 2909
30684 2921
30700 2934
30717 2948
30733 2956
30749 2968
30766 2981
30782 2990
30799 3000
30815 3011
30831 3021
30848 3034
30864 3044
30881 3051
30897 3063
30913 3068
30930 3085
30946 3092
30963 3108
30979 3111
30995 3117
31012 3092
31028 3137
31045 3145
31061 3171
31077 3163
31094 3170
31110 3179
31127 3184
31143 3195
31159 3206
31176 3207
31192 3213
31209 3225
31225 3229
31241 3232
31258 3238
31274 3245
31290 3249
31307 3255
31323 3262
31340 3268
31356 3269
31372 3277
31389 3280
31405 3285
31422 3287
31438 3258
31454 3297
31471 3295
31487 3322
31504 3305
31520 3308
31536 3310
31553 3312
31569 3318
31586 3311
31602 3319
31618 3320
31635 3320
31651 3320
31668 3321
31684 3324
31700 3323
31717 3322
31733 3324
31749 3326
31766 3323
31782 3322
31799 3322
31815 3320
31831 3319
31848 3318
31864 3319
31881 3314
31897 3313
31913 3310
31930 3307
31946 3307
31963 3324
31979 3300
31995 3295
32012 3273
32028 3288
32045 3283
32061 3241
32077 3279
32094 3276
32110 3270
32127 3260
32143 3261
32159 3255
32176 3253
32192 3246
32209 3233
32225 3235
32241 3230
32258 3220
32274 3217
32290 3212
32307 3204
32323 3198
32340 3194
32356 3184
32372 3177
32389 3171
32405 3164
32422 3157
32438 3103
32454 3139
32471 3133
32487 3124
32504 3116
32520 3108
32536 3102
32553 3092
32569 3081
32586 3076
32602 3065
32618 3054
32635 3051
32651 3039
32668 3027
32684 3019
32700 3012
32717 2999
32733 2989
32749 2980
32766 2973
32782 2959
32799 2949
32815 2940
32831 2929
32848 2916
32864 2909
32881 2899
32897 2884
32913 2875
32930 2867
32946 2854
32963 2817
32979 2833
32995 2824
33012 2799
33028 2798
33045 2789
33061 2764
33077 2763
33094 2756
33110 2748
33127 2732
33143 2719
33159 2710
33176 2698
33192 2684
33209 2669
33225 2663
33241 2651
33258 2636
33274 2629
33290 2614
33307 2605
33323 2593
33340 2586
33356 2570
33372 2557
33389 2548
33405 2534
33422 2516
33438 2488
33454 2500
33471 2488
33487 2484
33504 2466
33520 2455
33536 2441
33553 2430
33569 2420
33586 2406
33602 2395
33618 2386
33635 2379
33651 2362
33668 2353
33684 2348
33700 2333
33717 2320
33733 2312
33749 2297
33766 2285
33782 2277
33799 2270
33815 2256
33831 2246
33848 2236
33864 2231
33881 2221
33897 2208
33913 2200
33930 2185
33946 2176
33963 2176
33979 2160
33995 2149
34012 2177
34028 2133
34045 2121
34061 2058
34077 2108
34094 2100
34110 2092
34127 2082
34143 2072
34159 2065
34176 2053
34192 2048
34209 2039
34225 2033
34241 2028
34258 2022
34274 2016
34290 2007
34307 2000
34323 1994
34340 1981
34356 1977
34372 1976
34389 1970
34405 1963
34422 1958
34438 1954
34454 1946
34471 1944
34487 1978
34504 1936
34520 1933
34536 1925
34553 1923
34569 1915
34586 1908
34602 1912
34618 1909
34635 1910
34651 1902
34668 1902
34684 1905
34700 1894
34717 1893
34733 1892
34749 1888
34766 1887
34782 1886
34799 1886
34815 1883
34831 1888
34848 1888
34864 1884
34881 1884
34897 1886
34913 1883
34930 1884
34946 1886
34963 1883
34979 1887
34995 1889
35012 1937
35028 1892
35045 1899
35061 1866
35077 1903
35094 1903
35110 1910
35127 1911
35143 1912
35159 1912
35176 1918
35192 1925
35209 1935
35225 1934
35241 1940
35258 1944
35274 1948
35290 1954
35307 1959
35323 1964
35340 1971
35356 1977
35372 1984
35389 1988
35405 2000
35422 2006
35438 2004
35454 2017
35471 2027
35487 2068
35504 2037
35520 2046
35536 2057
35553 2062
35569 2073
35586 2083
35602 2098
35618 2099
35635 2103
35651 2118
35668 2122
35684 2133
35700 2142
35717 2152
35733 2162
35749 2170
35766 2188
35782 2197
35799 2205
35815 2218
35831 2222
35848 2240
35864 2246
35881 2261
35897 2270
35913 2280
35930 2297
35946 2307
35963 2290
35979 2330
35995 2346
36012 2314
36028 2367
36045 2378
36061 2424
36077 2398
36094 2412
36110 2435
36127 2434
36143 2452
36159 2468
36176 2478
36192 2488
36209 2494
36225 2516
36241 2525
36258 2537
36274 2552
36290 2565
36307 2577
36323 2590
36340 2604
36356 2613
36372 2628
36389 2642
36405 2652
36422 2666
36438 2680
36454 2691
36471 2704
36487 2706
36504 2731
36520 2743
36536 2753
36553 2769
36569 2781
36586 2786
36602 2804
36618 2818
36635 2830
36651 2839
36668 2854
36684 2866
36700 2876
36717 2887
36733 2894
36749 2912
36766 2920
36782 2934
36799 2945
36815 2954
36831 2966
36848 2977
36864 2987
36881 2996
36897 3011
36913 3019
36930 3030
36946 3040
36963 3006
36979 3061
36995 3070
37012 3108
37028 3088
37045 3094
37061 3103
37077 3116
37094 3121
37110 3126
37127 3137
37143 3152
37159 3159
37176 3166
37192 3173
37209 3173
37225 3182
37241 3195
37258 3196
37274 3207
37290 3211
37307 3219
37323 3226
37340 3230
37356 3236
37372 3243
37389 3246
37405 3251
37422 3257
37438 3258
37454 3263
37471 3271
37487 3271
37504 3276
37520 3280
37536 3286
37553 3285
37569 3287
37586 3294
37602 3294
37618 3295
37635 3301
37651 3304
37668 3301
37684 3301
37700 3308
37717 3307
37733 3316
37749 3306
37766 3310
37782 3306
37799 3308
37815 3310
37831 3310
37848 3306
37864 3306
37881 3307
37897 3303
37913 3302
37930 3302
37946 3303
37963 3380
37979 3294
37995 3295
38012 3280
38028 3285
38045 3284
38061 3277
38077 3277
38094 3274
38110 3279
38127 3266
38143 3263
38159 3263
38176 3257
38192 3247
38209 3239
38225 3243
38241 3235
38258 3228
38274 3227
38290 3221
38307 3211
38323 3207
38340 3203
38356 3195
38372 3186
38389 3182
38405 3179
38422 3166
38438 3165
38454 3155
38471 3147
38487 3131
38504 3131
38520 3125
38536 3117
38553 3106
38569 3101
38586 3082
38602 3082
38618 3076
38635 3074
38651 3057
38668 3050
38684 3042
38700 3028
38717 3019
38733 3021
38749 3002
38766 2992
38782 2982
38799 2975
38815 2962
38831 2955
38848 2946
38864 2934
38881 2924
38897 2914
38913 2904
38930 2891
38946 2879
38963 2946
38979 2859
38995 2846
39012 2849
39028 2830
39045 2812
39061 2814
39077 2798
39094 2780
39110 2772
39127 2762
39143 2752
39159 2742
39176 2724
39192 2718
39209 2704
39225 2692
39241 2682
39258 2672
39274 2660
39290 2647
39307 2636
39323 2623
39340 2609
39356 2599
39372 2589
39389 2575
39405 2566
39422 2555
39438 2539
39454 2532
39471 2521
39487 2513
39504 2493
39520 2485
39536 2473
39553 2460
39569 2449
39586 2454
39602 2429
39618 2415
39635 2402
39651 2396
39668 2382
39684 2359
39700 2356
39717 2349
39733 2331
39749 2324
39766 2318
39782 2303
39799 2293
39815 2283
39831 2276
39848 2262
39864 2250
39881 2240
39897 2230
39913 2217
39930 2209
39946 2201
39963 2211
39979 2182
39995 2172
40012 2186
40028 2151
40045 2143
40061 2128
40077 2123
40094 2114
40110 2111
40127 2097
40143 2087
40159 2078
40176 2074
40192 2063
40209 2057
40225 2049
40241 2044
40258 2033
40274 2025
40290 2019
40307 2006
40323 2000
40340 1996
40356 1989
40372 1981
40389 1976
40405 1973
40422 1966
40438 1958
40454 1947
40471 1947
40487 1918
40504 1934
40520 1931
40536 1926
40553 1919
40569 1918
40586 1992
40602 1909
40618 1903
40635 1906
40651 1899
40668 1894
40684 1896
40700 1889
40717 1882
40733 1875
40749 1880
40766 1878
40782 1875
40799 1874
40815 1873
40831 1868
40848 1867
40864 1868
40881 1870
40897 1866
40913 1865
40930 1870
40946 1865
40963 1870
40979 1868
40995 1871
41012 1841
41028 1869
41045 1873
41061 1867
41077 1874
41094 1876
41110 1880
41127 1880
41143 1883
41159 1885
41176 1889
41192 1891
41209 1894
41225 1902
41241 1901
41258 1907
41274 1911
41290 1919
41307 1922
41323 1924
41340 1935
41356 1934
41372 1941
41389 1950
41405 1954
41422 1957
41438 1967
41454 1973
41471 1979
41487 2012
41504 1993
41520 2000
41536 2007
41553 2015
41569 2024
41586 2007
41602 2040
41618 2046
41635 2060
41651 2062
41668 2071
41684 2084
41700 2098
41717 2097
41733 2114
41749 2121
41766 2126
41782 2139
41799 2150
41815 2158
41831 2171
41848 2177
41864 2192
41881 2198
41897 2210
41913 2224
41930 2236
41946 2244
41963 2263
41979 2268
41995 2280
42012 2265
42028 2302
42045 2313
42061 2323
42077 2337
42094 2351
42110 2366
42127 2371
42143 2387
42159 2393
42176 2410
42192 2424
42209 2436
42225 2446
42241 2460
42258 2473
42274 2489
42290 2499
42307 2512
42323 2525
42340 2537
42356 2551
42372 2565
42389 2578
42405 2588
42422 2600
42438 2616
42454 2626
42471 2640
42487 2668
42504 2670
42520 2678
42536 2692
42553 2706
42569 2714
42586 2733
42602 2743
42618 2753
42635 2769
42651 2782
42668 2794
42684 2802
42700 2816
42717 2829
42733 2849
42749 2850
42766 2864
42782 2876
42799 2886
42815 2898
42831 2914
42848 2922
42864 2935
42881 2945
42897 2960
42913 2965
42930 2978
42946 2990
42963 2974
42979 3008
42995 3019
43012 3027
43028 3038
43045 3051
43061 3072
43077 3069
43094 3080
43110 3088
43127 3100
43143 3105
43159 3116
43176 3124
43192 3129
43209 3144
43225 3147
43241 3159
43258 3163
43274 3172
43290 3178
43307 3186
43323 3189
43340 3198
43356 3207
43372 3213
43389 3216
43405 3223
43422 3228
43438 3233
43454 3239
43471 3246
43487 3247
43504 3254
43520 3261
43536 3265
43553 3265
43569 3272
43586 3262
43602 3279
43618 3283
43635 3289
43651 3288
43668 3291
43684 3296
43700 3294
43717 3294
43733 3292
43749 3301
43766 3301
43782 3301
43799 3307
43815 3307
43831 3306
43848 3308
43864 3307
43881 3303
43897 3305
43913 3305
43930 3303
43946 3300
43963 3274
43979 3304
43995 3298
44012 3302
44028 3295
44045 3297
44061 3270
44077 3291
44094 3290
44110 3281
44127 3279
44143 3278
44159 3275
44176 3269
44192 3267
44209 3255
44225 3257
44241 3256
44258 3250
44274 3247
44290 3241
44307 3236
44323 3231
44340 3224
44356 3218
44372 3217
44389 3208
44405 3203
44422 3200
44438 3192
44454 3184
44471 3178
44487 3156
44504 3162
44520 3153
44536 3149
44553 3143
44569 3134
44586 3057
44602 3123
44618 3111
44635 3104
44651 3097
44668 3088
44684 3078
44700 3070
44717 3060
44733 3047
44749 3042
44766 3035
44782 3030
44799 3018
44815 3007
44831 2999
44848 2987
44864 2975
44881 2969
44897 2956
44913 2946
44930 2938
44946 2928
44963 2919
44979 2906
44995 2897
45012 2869
45028 2875
45045 2866
45061 2830
45077 2841
45094 2831
45110 2822
45127 2810
45143 2799
45159 2790
45176 2780
45192 2766
45209 2752
45225 2743
45241 2733
45258 2722
45274 2710
45290 2698
45307 2684
45323 2672
45340 2665
45356 2654
45372 2639
45389 2628
45405 2619
45422 2607
45438 2586
45454 2581
45471 2569
45487 2535
45504 2547
45520 2537
45536 2525
45553 2511
45569 2501
45586 2497
45602 2476
45618 2465
45635 2453
45651 2441
45668 2431
45684 2423
45700 2413
45717 2390
45733 2393
45749 2376
45766 2365
45782 2353
45799 2340
45815 2333
45831 2321
45848 2309
45864 2300
45881 2288
45897 2270
45913 2267
45930 2261
45946 2246
45963 2245
45979 2228
45995 2217
46012 2225
46028 2197
46045 2186
46061 2211
46077 2163
46094 2158
46110 2151
46127 2146
46143 2130
46159 2120
46176 2112
46192 2102
46209 2091
46225 2085
46241 2076
46258 2078
46274 2061
46290 2049
46307 2042
46323 2038
46340 2031
46356 2023
46372 2015
46389 2009
46405 2002
46422 1993
46438 1989
46454 1981
46471 1973
46487 2059
46504 1967
46520 1958
46536 1951
46553 1946
46569 1946
46586 1922
46602 1931
46618 1928
46635 1929
46651 1915
46668 1914
46684 1914
46700 1907
46717 1902
46733 1910
46749 1895
46766 1895
46782 1891
46799 1887
46815 1881
46831 1882
46848 1883
46864 1880
46881 1876
46897 1878
46913 1876
46930 1872
46946 1873
46963 1876
46979 1870
46995 1869
47012 1884
47028 1874
47045 1875
47061 1888
47077 1877
47094 1877
47110 1880
47127 1880
47143 1881
47159 1887
47176 1884
47192 1888
47209 1893
47225 1890
47241 1895
47258 1891
47274 1902
47290 1906
47307 1908
47323 1918
47340 1917
47356 1922
47372 1927
47389 1930
47405 1930
47422 1941
47438 1950
47454 1953
47471 1960
47487 2050
47504 1973
47520 1980
47536 1986
47553 1993
47569 1998
47586 1998
47602 2016
47618 2021
47635 2024
47651 2039
47668 2050
47684 2048
47700 2060
47717 2073
47733 2074
47749 2087
47766 2096
47782 2109
47799 2118
47815 2124
47831 2139
47848 2146
47864 2155
47881 2167
47897 2181
47913 2186
47930 2197
47946 2210
47963 2220
47979 2230
47995 2242
48012 2254
48028 2265
48045 2278
48061 2281
48077 2301
48094 2310
48110 2330
48127 2331
48143 2348
48159 2356
48176 2373
48192 2383
48209 2400
48225 2409
48241 2425
48258 2428
48274 2446
48290 2460
48307 2473
48323 2485
48340 2498
48356 2512
48372 2523
48389 2539
48405 2554
48422 2563
48438 2575
48454 2590
48471 2603
48487 2591
48504 2629
48520 2641
48536 2652
48553 2665
48569 2682
48586 2699
48602 2707
48618 2719
48635 2734
48651 2743
48668 2756
48684 2774
48700 2781
48717 2792
48733 2802
48749 2820
48766 2831
48782 2843
48799 2858
48815 2872
48831 2871
48848 2890
48864 2904
48881 2915
48897 2926
48913 2937
48930 2952
48946 2959
48963 2973
48979 2987
48995 2993
49012 2997
49028 3016
49045 3028
49061 3052
49077 3047
49094 3059
49110 3069
49127 3071
49143 3088
49159 3097
49176 3104
49192 3113
49209 3128
49225 3135
49241 3139
49258 3148
49274 3158
49290 3162
49307 3176
49323 3179
49340 3192
49356 3194
49372 3200
49389 3212
49405 3215
49422 3222
49438 3228
49454 3236
49471 3239
49487 3247
49504 3252
49520 3254
49536 3261
49553 3268
49569 3276
49586 3278
49602 3280
49618 3285
49635 3288
49651 3290
49668 3296
49684 3300
49700 3302
49717 3301
49733 3306
49749 3308
49766 3311
49782 3316
49799 3317
49815 3316
49831 3319
49848 3319
49864 3318
49881 3320
49897 3323
49913 3321
49930 3320
49946 3321
49963 3322
49979 3321
49995 3318
50012 3313
50028 3318
50045 3317
50061 3345
50077 3317
50094 3310
50110 3224
50127 3308
50143 3308
50159 3302
50176 3300
50192 3299
50209 3294
50225 3286
50241 3287
50258 3286
50274 3278
50290 3275
50307 3267
50323 3264
50340 3260
50356 3257
50372 3253
50389 3247
50405 3242
50422 3237
50438 3227
50454 3222
50471 3219
50487 3194
50504 3205
50520 3197
50536 3194
50553 3186
50569 3179
50586 3177
50602 3169
50618 3156
50635 3153
50651 3143
50668 3134
50684 3124
50700 3119
50717 3113
50733 3103
50749 3094
50766 3087
50782 3075
50799 3065
50815 3060
50831 3046
50848 3038
50864 3031
50881 3022
50897 3013
50913 3000
50930 2994
50946 2983
50963 2969
50979 2961
50995 2954
51012 2943
51028 2928
51045 2922
51061 2958
51077 2904
51094 2889
51110 2823
51127 2867
51143 2858
51159 2846
51176 2838
51192 2824
51209 2818
51225 2804
51241 2790
51258 2776
51274 2771
51290 2759
51307 2747
51323 2735
51340 2726
51356 2711
51372 2700
51389 2691
51405 2676
51422 2664
51438 2651
51454 2644
51471 2629
51487 2624
51504 2610
51520 2596
51536 2584
51553 2575
51569 2560
51586 2548
51602 2540
51618 2525
51635 2508
51651 2502
51668 2497
51684 2487
51700 2470
51717 2459
51733 2443
51749 2436
51766 2425
51782 2409
51799 2400
51815 2389
51831 2380
51848 2370
51864 2357
51881 2349
51897 2335
51913 2324
51930 2311
51946 2303
51963 2295
51979 2281
51995 2269
52012 2278
52028 2248
52045 2242
52061 2189
52077 2223
52094 2213
52110 2157
52127 2190
52143 2181
52159 2175
52176 2162
52192 2152
52209 2139
52225 2131
52241 2127
52258 2112
52274 2112
52290 2101
52307 2092
52323 2086
52340 2077
52356 2070
52372 2058
52389 2049
52405 2045
52422 2035
52438 2029
52454 2024
52471 2016
52487 2023
52504 2002
52520 1994
52536 1992
52553 1984
52569 1982
52586 1964
52602 1967
52618 1958
52635 1954
52651 1947
52668 1948
52684 1947
52700 1937
52717 1931
52733 1926
52749 1925
52766 1920
52782 1920
52799 1912
52815 1906
52831 1907
52848 1905
52864 1903
52881 1896
52897 1897
52913 1894
52930 1892
52946 1891
52963 1889
52979 1887
52995 1887
53012 1873
53028 1887
53045 1885
53061 1857
53077 1888
53094 1889
53110 1911
53127 1889
53143 1888
53159 1887
53176 1892
53192 1890
53209 1896
53225 1892
53241 1898
53258 1904
53274 1904
53290 1907
53307 1909
53323 1910
53340 1916
53356 1916
53372 1922
53389 1924
53405 1939
53422 1935
53438 1942
53454 1948
53471 1950
53487 1942
53504 1958
53520 1965
53536 1973
53553 1975
53569 1985
53586 1983
53602 1999
53618 2006
53635 2009
53651 2021
53668 2028
53684 2038
53700 2052
53717 2049
53733 2063
53749 2063
53766 2076
53782 2090
53799 2092
53815 2101
53831 2110
53848 2123
53864 2129
53881 2138
53897 2146
53913 2155
53930 2167
53946 2176
53963 2190
53979 2197
53995 2205
54012 2210
54028 2230
54045 2242
54061 2252
54077 2263
54094 2273
54110 2378
54127 2295
54143 2310
54159 2316
54176 2332
54192 2343
54209 2357
54225 2369
54241 2381
54258 2394
54274 2399
54290 2414
54307 2427
54323 2438
54340 2453
54356 2462
54372 2479
54389 2491
54405 2502
54422 2514
54438 2528
54454 2542
54471 2555
54487 2556
54504 2580
54520 2591
54536 2608
54553 2618
54569 2633
54586 2640
54602 2657
54618 2668
54635 2681
54651 2693
54668 2705
54684 2722
54700 2732
54717 2746
54733 2767
54749 2771
54766 2784
54782 2799
54799 2809
54815 2816
54831 2830
54848 2843
54864 2855
54881 2868
54897 2879
54913 2891
54930 2905
54946 2918
54963 2924
54979 2936
54995 2947
55012 2942
55028 2970
55045 2979
55061 3018
55077 3003
55094 3011
55110 3087
55127 3028
55143 3043
55159 3060
55176 3065
55192 3075
55209 3077
55225 3090
55241 3098
55258 3105
55274 3117
55290 3125
55307 3135
55323 3145
55340 3152
55356 3157
55372 3168
55389 3173
55405 3179
55422 3188
55438 3196
55454 3199
55471 3206
55487 3217
55504 3223
55520 3225
55536 3232
55553 3238
55569 3245
55586 3270
55602 3251
55618 3261
55635 3262
55651 3270
55668 3271
55684 3273
55700 3279
55717 3285
55733 3282
55749 3291
55766 3292
55782 3302
55799 3303
55815 3298
55831 3300
55848 3307
55864 3306
55881 3306
55897 3311
55913 3310
55930 3314
55946 3312
55963 3316
55979 3305
55995 3313
56012 3300
56028 3309
56045 3311
56061 3270
56077 3312
56094 3307
56110 3339
56127 3305
56143 3306
56159 3301
56176 3302
56192 3297
56209 3297
56225 3290
56241 3293
56258 3281
56274 3285
56290 3280
56307 3278
56323 3274
56340 3269
56356 3267
56372 3259
56389 3254
56405 3252
56422 3249
56438 3241
56454 3235
56471 3236
56487 3224
56504 3219
56520 3217
56536 3211
56553 3201
56569 3194
56586 3167
56602 3180
56618 3175
56635 3177
56651 3163
56668 3154
56684 3149
56700 3140
56717 3133
56733 3118
56749 3117
56766 3111
56782 3101
56799 3091
56815 3082
56831 3077
56848 3068
56864 3057
56881 3049
56897 3040
56913 3029
56930 3020
56946 3006
56963 3001
56979 2997
56995 2978
57012 2955
57028 2959
57045 2950
57061 2916
57077 2932
57094 2921
57110 2896
57127 2901
57143 2890
57159 2882
57176 2867
57192 2858
57209 2850
57225 2834
57241 2825
57258 2812
57274 2804
57290 2800
57307 2780
57323 2767
57340 2759
57356 2748
57372 2736
57389 2722
57405 2715
57422 2704
57438 2691
57454 2679
57471 2669
57487 2656
57504 2644
57520 2631
57536 2618
57553 2610
57569 2600
57586 2623
57602 2574
57618 2562
57635 2556
57651 2540
57668 2528
57684 2515
57700 2506
57717 2493
57733 2477
57749 2469
57766 2459
57782 2451
57799 2437
57815 2425
57831 2415
57848 2403
57864 2391
57881 2380
57897 2369
57913 2355
57930 2345
57946 2334
57963 2326
57979 2315
57995 2302
58012 2331
58028 2282
58045 2273
58061 2265
58077 2251
58094 2241
58110 2220
58127 2218
58143 2209
58159 2198
58176 2187
58192 2178
58209 2174
58225 2163
58241 2152
58258 2139
58274 2132
58290 2117
58307 2113
58323 2105
58340 2097
58356 2086
58372 2080
58389 2072
58405 2066
58422 2054
58438 2047
58454 2042
58471 2031
58487 2020
58504 2014
58520 2011
58536 1997
58553 1994
58569 1989
58586 1950
58602 1978
58618 1970
58635 1972
58651 1959
58668 1953
58684 1950
58700 1941
58717 1939
58733 1932
58749 1927
58766 1926
58782 1920
58799 1914
58815 1913
58831 1908
58848 1902
58864 1900
58881 1900
58897 1893
58913 1889
58930 1888
58946 1886
58963 1884
58979 1879
58995 1879
59012 1906
59028 1878
59045 1875
59061 1872
59077 1872
59094 1868
59110 1868
59127 1873
59143 1874
59159 1876
59176 1873
59192 1875
59209 1879
59225 1876
59241 1874
59258 1880
59274 1874
59290 1882
59307 1882
59323 1882
59340 1888
59356 1891
59372 1896
59389 1897
59405 1899
59422 1904
59438 1907
59454 1909
59471 1918
59487 1916
59504 1922
59520 1927
59536 1939
59553 1940
59569 1943
59586 1929
59602 1956
59618 1964
59635 1979
59651 1975
59668 1980
59684 1984
59700 1996
59717 2000
59733 2010
59749 2019
59766 2025
59782 2034
59799 2041
59815 2051
59831 2055
59848 2065
59864 2074
59881 2083
59897 2093
59913 2100
59930 2113
59946 2118
59963 2131
59979 2141
59995 2147
60012 2178
60028 2170
60045 2179
60061 2191
60077 2203
60094 2212
60110 2219
60127 2236
60143 2244
60159 2253
60176 2269
60192 2278
60209 2286
60225 2301
60241 2316
60258 2323
60274 2337
60290 2349
60307 2363
60323 2376
60340 2386
60356 2399
60372 2410
60389 2424
60405 2436
60422 2445
60438 2459
60454 2473
60471 2488
60487 2500
60504 2510
60520 2524
60536 2539
60553 2552
60569 2560
60586 2567
60602 2588
60618 2601
60635 2593
60651 2623
60668 2642
60684 2653
60700 2664
60717 2676
60733 2688
60749 2703
60766 2714
60782 2732
60799 2738
60815 2752
60831 2764
60848 2778
60864 2790
60881 2801
60897 2816
60913 2827
60930 2835
60946 2850
60963 2864
60979 2873
60995 2885
61012 2941
61028 2909
61045 2919
61061 2941
61077 2945
61094 2955
61110 2968
61127 2975
61143 2989
61159 3000
61176 3007
61192 3018
61209 3030
61225 3036
61241 3047
61258 3058
61274 3065
61290 3075
61307 3087
61323 3095
61340 3102
61356 3110
61372 3121
61389 3128
61405 3136
61422 3144
61438 3154
61454 3161
61471 3166
61487 3178
61504 3181
61520 3189
61536 3195
61553 3202
61569 3207
61586 3252
61602 3222
61618 3226
61635 3204
61651 3236
61668 3245
61684 3245
61700 3251
61717 3258
61733 3262
61749 3265
61766 3268
61782 3279
61799 3277
61815 3280
61831 3282
61848 3284
61864 3288
61881 3290
61897 3295
61913 3292
61930 3297
61946 3300
61963 3299
61979 3300
61995 3300
62012 3323
62028 3304
62045 3302
62061 3317
62077 3306
62094 3303
62110 3310
62127 3303
62143 3299
62159 3304
62176 3299
62192 3300
62209 3291
62225 3292
62241 3293
62258 3298
62274 3287
62290 3285
62307 3284
62323 3279
62340 3277
62356 3274
62372 3272
62389 3265
62405 3262
62422 3260
62438 3254
62454 3248
62471 3246
62487 3243
62504 3233
62520 3228
62536 3225
62553 3217
62569 3213
62586 3251
62602 3202
62618 3195
62635 3168
62651 3185
62668 3170
62684 3168
62700 3163
62717 3154
62733 3148
62749 3139
62766 3136
62782 3127
62799 3118
62815 3108
62831 3102
62848 3093
62864 3086
62881 3077
62897 3067
62913 3059
62930 3053
62946 3043
62963 3034
62979 3025
62995 3014
63012 3005
63028 2996
63045 2988
63061 3002
63077 2966
63094 2954
63110 2949
63127 2934
63143 2925
63159 2917
63176 2908
63192 2895
63209 2886
63225 2877
63241 2863
63258 2849
63274 2843
63290 2833
63307 2817
63323 2807
63340 2798
63356 2786
63372 2775
63389 2765
63405 2757
63422 2741
63438 2731
63454 2721
63471 2706
63487 2693
63504 2685
63520 2674
63536 2663
63553 2646
63569 2641
63586 2666
63602 2613
63618 2604
63635 2578
63651 2578
63668 2567
63684 2555
63700 2543
63717 2532
63733 2525
63749 2512
63766 2499
63782 2488
63799 2478
63815 2464
63831 2448
63848 2441
63864 2428
63881 2414
63897 2404
63913 2394
63930 2385
63946 2374
63963 2364
63979 2351
63995 2337
64012 2322
64028 2318
64045 2305
64061 2264
64077 2285
64094 2273
64110 2234
64127 2252
64143 2244
64159 2235
64176 2222
64192 2213
64209 2193
64225 2190
64241 2181
64258 2167
64274 2160
64290 2151
64307 2149
64323 2136
64340 2127
64356 2116
64372 2111
64389 2099
64405 2089
64422 2081
64438 2074
64454 2062
64471 2056
64487 2049
64504 2040
64520 2033
64536 2028
64553 2020
64569 2011
64586 2027
64602 1997
64618 1989
64635 1987
64651 1974
64668 1973
64684 1961
64700 1961
64717 1954
64733 1948
64749 1941
64766 1937
64782 1938
64799 1926
64815 1917
64831 1917
64848 1912
64864 1907
64881 1900
64897 1900
64913 1895
64930 1893
64946 1891
64963 1890
64979 1883
64995 1882
65012 1886
65028 1873
65045 1871
65061 1861
65077 1872
65094 1867
65110 1893
65127 1868
65143 1867
65159 1867
65176 1867
65192 1868
65209 1868
65225 1864
65241 1868
65258 1866
65274 1867
65290 1868
65307 1869
65323 1871
65340 1875
65356 1878
65372 1876
65389 1880
65405 1883
65422 1887
65438 1888
65454 1889
65471 1897
65487 1897
65504 1904
65520 1908
65536 1913
65553 1916
65569 1921
65586 1920
65602 1931
65618 1934
65635 1949
65651 1948
65668 1952
65684 1952
65700 1967
65717 1971
65733 1981
65749 1983
65766 1995
65782 2004
65799 2007
65815 2014
65831 2023
65848 2029
65864 2039
65881 2049
65897 2058
65913 2065
65930 2074
65946 2083
65963 2090
65979 2099
65995 2111
66012 2113
66028 2125
66045 2139
66061 2141
66077 2161
66094 2170
66110 2173
66127 2191
66143 2201
66159 2212
66176 2224
66192 2238
66209 2243
66225 2258
66241 2270
66258 2277
66274 2296
66290 2305
66307 2309
66323 2321
66340 2341
66356 2352
66372 2359
66389 2375
66405 2390
66422 2399
66438 2414
66454 2427
66471 2440
66487 2450
66504 2463
66520 2476
66536 2488
66553 2497
66569 2516
66586 2541
66602 2542
66618 2554
66635 2593
66651 2578
66668 2592
66684 2606
66700 2618
66717 2632
66733 2646
66749 2656
66766 2670
66782 2683
66799 2697
66815 2709
66831 2716
66848 2735
66864 2747
66881 2757
66897 2773
66913 2784
66930 2795
66946 2810
66963 2823
66979 2838
66995 2847
67012 2857
67028 2872
67045 2885
67061 2903
67077 2905
67094 2918
67110 2927
67127 2937
67143 2948
67159 2968
67176 2974
67192 2984
67209 3001
