2 3323
55 3306
72 3370
88 3276
105 3259
121 3246
137 3228
154 3215
170 3190
187 3180
203 3158
219 3150
236 3129
252 3110
269 3090
285 3071
301 3056
318 3036
334 3018
350 2999
367 2977
383 2961
400 2942
416 2924
432 2902
449 2920
465 2863
482 2841
498 2834
514 2804
531 2780
547 2759
564 2737
580 2718
596 2685
613 2676
629 2655
646 2629
662 2610
678 2587
695 2565
711 2542
728 2519
744 2501
760 2477
777 2452
793 2435
809 2414
826 2390
842 2363
859 2346
875 2319
891 2295
908 2275
924 2255
941 2228
957 2208
973 2156
991 2159
1007 2140
1024 2114
1040 2093
1057 2075
1073 2075
1089 2023
1106 2003
1122 1982
1138 1957
1155 1935
1171 1915
1188 1888
1204 1869
1220 1854
1237 1823
1253 1804
1270 1781
1286 1760
1302 1739
1319 1713
1335 1693
1352 1670
1368 1652
1384 1628
1401 1611
1417 1592
1434 1568
1450 1546
1466 1532
1483 1504
1499 1489
1516 1465
1532 1451
1548 1414
1565 1410
1581 1389
1597 1390
1614 1353
1630 1335
1647 1310
1663 1298
1679 1277
1696 1258
1712 1242
1729 1229
1745 1202
1761 1198
1778 1181
1794 1173
1811 1151
1827 1132
1843 1116
1860 1101
1876 1094
1893 1073
1909 1059
1925 1048
1942 1034
1958 1020
1975 1008
1997 995
2013 976
2029 967
2046 955
2062 944
2079 937
2095 912
2111 914
2128 906
2144 901
2161 884
2177 876
2193 872
2210 867
2226 860
2243 847
2259 846
2275 835
2292 832
2308 826
2325 821
2341 815
2357 809
2374 841
2390 806
2407 801
2423 837
2439 802
2456 795
2472 794
2488 793
2505 793
2521 782
2538 793
2554 797
2570 795
2587 799
2603 801
2620 803
2636 805
2652 807
2669 816
2685 814
2702 820
2718 826
2734 831
2751 834
2767 842
2784 851
2800 858
2816 866
2833 877
2849 878
2866 890
2882 900
2898 879
2915 917
2931 929
2947 1000
2964 950
2980 963
2997 984
3013 991
3029 1002
3046 1015
3062 1035
3079 1042
3095 1058
3111 1072
3128 1091
3144 1103
3161 1123
3177 1141
3193 1157
3210 1172
3226 1192
3243 1209
3259 1226
3275 1244
3292 1267
3308 1282
3324 1306
3341 1327
3357 1346
3374 1355
3390 1388
3406 1411
3423 1416
3439 1442
3456 1474
3472 1499
3488 1520
3505 1544
3521 1570
3538 1588
3554 1612
3570 1642
3587 1662
3603 1684
3620 1711
3636 1736
3652 1760
3669 1785
3685 1812
3702 1841
3718 1862
3734 1890
3751 1918
3767 1939
3783 1967
3800 1992
3816 2020
3833 2046
3849 2073
3865 2102
3882 2131
3898 2138
3915 2185
3931 2214
3947 2265
3964 2265
3980 2295
3997 2284
4013 2346
4029 2376
4046 2405
4062 2428
4079 2456
4095 2488
4111 2511
4128 2537
4144 2558
4161 2595
4177 2617
4193 2645
4210 2672
4226 2698
4243 2726
4259 2752
4275 2780
4292 2802
4308 2830
4325 2857
4341 2881
4357 2905
4374 2917
4390 2958
4406 2981
4423 2977
4439 3031
4456 3049
4472 3071
4488 3099
4505 3126
4521 3144
4538 3168
4554 3188
4570 3207
4587 3228
4603 3250
4620 3266
4636 3289
4652 3309
4669 3329
4685 3344
4702 3356
4718 3384
4734 3397
4751 3414
4767 3431
4784 3448
4800 3463
4816 3477
4833 3494
4849 3505
4865 3519
4882 3534
4898 3520
4915 3556
4931 3568
4947 3540
4964 3589
4980 3596
4997 3635
5013 3619
5029 3626
5046 3635
5062 3646
5079 3650
5095 3654
5111 3665
5128 3667
5144 3669
5161 3678
5177 3681
5193 3687
5210 3687
5226 3695
5243 3695
5259 3699
5275 3703
5292 3705
5308 3703
5324 3706
5341 3706
5357 3707
5374 3680
5390 3706
5406 3706
5423 3735
5439 3703
5456 3702
5472 3704
5488 3694
5505 3693
5521 3692
5538 3683
5554 3679
5570 3677
5587 3670
5603 3666
5620 3663
5636 3661
5652 3652
5669 3644
5685 3641
5702 3630
5718 3623
5734 3617
5751 3610
5767 3600
5783 3595
5800 3584
5816 3576
5833 3565
5849 3561
5865 3551
5882 3536
5898 3548
5915 3520
5931 3503
5947 3455
5964 3480
5980 3469
5997 3444
6013 3449
6029 3436
6046 3417
6062 3407
6079 3394
6095 3374
6111 3366
6128 3353
6144 3348
6161 3322
6177 3309
6193 3297
6210 3279
6226 3262
6243 3250
6259 3233
6275 3212
6292 3198
6308 3184
6325 3165
6341 3147
6357 3130
6374 3131
6390 3094
6406 3080
6423 3047
6439 3042
6456 3021
6472 3004
6488 2985
6505 2965
6521 2944
6538 2929
6554 2904
6570 2893
6587 2868
6603 2845
6620 2829
6636 2806
6652 2787
6669 2765
6685 2744
6702 2723
6718 2702
6734 2681
6751 2657
6767 2639
6784 2616
6800 2594
6816 2570
6833 2550
6849 2527
6865 2505
6882 2485
6898 2451
6915 2437
6931 2419
6947 2415
6964 2373
6980 2348
6997 2308
7013 2306
7029 2282
7046 2261
7062 2239
7079 2214
7095 2190
7111 2171
7128 2148
7144 2121
7161 2104
7177 2080
7193 2057
7210 2037
7226 2015
7243 1990
7259 1967
7275 1945
7292 1924
7308 1899
7324 1875
7341 1857
7357 1837
7374 1814
7390 1792
7406 1773
7423 1732
7439 1724
7456 1705
7472 1692
7488 1660
7505 1640
7521 1626
7538 1600
7554 1579
7570 1567
7587 1538
7603 1517
7620 1501
7636 1472
7652 1459
7669 1434
7685 1421
7702 1399
7718 1381
7734 1365
7751 1346
7767 1323
7783 1310
7800 1293
7816 1273
7833 1257
7849 1239
7865 1220
7882 1206
7898 1183
7915 1177
7931 1158
7947 1110
7964 1130
7980 1114
7997 1110
8013 1085
8029 1073
8046 1056
8062 1042
8079 1031
8095 1012
8111 1004
8128 993
8144 973
8161 970
8177 960
8193 951
8210 936
8226 926
8243 918
8259 910
8275 897
8292 888
8308 887
8325 871
8341 866
8357 860
8374 852
8390 847
8406 842
8423 863
8439 828
8456 823
8472 801
8488 818
8505 813
8521 815
8538 807
8554 804
8570 812
8587 803
8603 800
8620 795
8636 798
8652 798
8669 787
8685 796
8702 802
8718 804
8734 807
8751 807
8767 812
8784 814
8800 815
8816 820
8833 826
8849 831
8865 838
8882 845
8898 833
8915 857
8931 866
8947 812
8964 881
8980 887
8997 854
9013 907
9029 916
9046 929
9062 937
9079 947
9095 967
9111 973
9128 981
9144 988
9161 1011
9177 1028
9193 1035
9210 1051
9226 1068
9243 1077
9259 1097
9275 1113
9292 1129
9308 1143
9324 1164
9341 1182
9357 1196
9374 1212
9390 1235
9406 1256
9423 1258
9439 1288
9456 1313
9472 1289
9488 1349
9505 1374
9521 1389
9538 1416
9554 1435
9570 1453
9587 1479
9603 1499
9620 1525
9636 1545
9652 1570
9669 1592
9685 1622
9702 1641
9718 1664
9734 1689
9751 1715
9767 1737
9783 1763
9800 1789
9816 1815
9833 1840
9849 1869
9865 1892
9882 1917
9898 1890
9915 1971
9931 1995
9947 2064
9964 2050
9980 2074
9997 2119
10013 2129
10029 2154
10046 2184
10062 2209
10079 2239
10095 2262
10111 2290
10128 2320
10144 2356
10161 2372
10177 2399
10193 2427
10210 2454
10226 2479
10243 2506
10259 2535
10275 2562
10292 2587
10308 2617
10325 2643
10341 2666
10357 2692
10374 2720
10390 2743
10406 2770
10423 2796
10439 2823
10456 2847
10472 2842
10488 2900
10505 2922
10521 2941
10538 2971
10554 2994
10570 3022
10587 3040
10603 3065
10620 3089
10636 3112
10652 3134
10669 3151
10685 3176
10702 3195
10718 3218
10734 3232
10751 3258
10767 3275
10784 3294
10800 3316
10816 3332
10833 3350
10849 3369
10865 3386
10882 3403
10898 3487
10915 3434
10931 3447
10947 3472
10964 3476
10980 3488
10997 3506
11013 3518
11029 3529
11046 3541
11062 3554
11079 3565
11095 3568
11111 3583
11128 3594
11144 3604
11161 3610
11177 3620
11193 3629
11210 3636
11226 3641
11243 3648
11259 3656
11275 3654
11292 3663
11308 3668
11324 3671
11341 3676
11357 3681
11374 3681
11390 3683
11406 3685
11423 3679
11439 3689
11456 3690
11472 3663
11488 3696
11505 3685
11521 3695
11538 3691
11554 3688
11570 3695
11587 3686
11603 3683
11620 3677
11636 3675
11652 3675
11669 3661
11685 3665
11702 3663
11718 3655
11734 3651
11751 3647
11767 3643
11783 3635
11800 3628
11816 3626
11833 3618
11849 3607
11865 3601
11882 3595
11898 3632
11915 3577
11931 3568
11947 3526
11964 3552
11980 3541
11997 3533
12013 3520
12029 3508
12046 3503
12062 3490
12079 3472
12095 3467
12111 3453
12128 3439
12144 3430
12161 3415
12177 3407
12193 3391
12210 3380
12226 3367
12243 3347
12259 3332
12275 3320
12292 3302
12308 3291
12325 3275
12341 3263
12357 3243
12374 3230
12390 3217
12406 3197
12423 3184
12439 3164
12456 3144
12472 3133
12488 3108
12505 3091
12521 2982
12538 3056
12554 3036
12570 3031
12587 3003
12603 2985
12620 2969
12636 2943
12652 2924
12669 2897
12685 2885
12702 2864
12718 2840
12734 2825
12751 2805
12767 2783
12784 2759
12800 2740
12816 2721
12833 2695
12849 2674
12865 2656
12882 2635
12898 2632
12915 2590
12931 2570
12947 2533
12964 2523
12980 2503
12997 2485
13013 2458
13029 2436
13046 2414
13062 2388
13079 2366
13095 2345
13111 2323
13128 2301
13144 2279
13161 2257
13177 2233
13193 2209
13210 2187
13226 2165
13243 2140
13259 2119
13275 2095
13292 2072
13308 2049
13324 2031
13341 2006
13357 1984
13374 1959
13390 1941
13406 1914
13423 1890
13439 1870
13456 1853
13472 1847
13488 1803
13505 1781
13521 1759
13538 1737
13554 1718
13570 1692
13587 1673
13603 1648
13620 1620
13636 1608
13652 1589
13669 1570
13685 1547
13702 1527
13718 1506
13734 1487
13751 1466
13767 1444
13783 1425
13800 1406
13816 1388
13833 1366
13849 1350
13865 1332
13882 1313
13898 1270
13915 1276
13931 1257
13947 1229
13964 1223
13980 1207
13997 1190
14013 1171
14029 1155
14046 1142
14062 1128
14079 1110
14095 1094
14111 1081
14128 1070
14144 1053
14161 1037
14177 1025
14193 1014
14210 996
14226 983
14243 972
14259 963
14275 949
14292 935
14308 931
14325 912
14341 906
14357 897
14374 892
14390 876
14406 867
14423 843
14439 852
14456 845
14472 897
14488 831
14505 827
14521 855
14538 812
14554 805
14570 799
14587 795
14603 794
14620 782
14636 783
14652 782
14669 780
14685 777
14702 775
14718 774
14734 773
14751 768
14767 772
14784 770
14800 770
14816 772
14833 776
14849 775
14865 779
14882 783
14898 796
14915 785
14931 793
14947 826
14964 800
14980 803
14997 817
15013 817
15029 825
15046 834
15062 844
15079 847
15095 858
15111 865
15128 873
15144 878
15161 896
15177 905
15193 913
15210 927
15226 942
15243 950
15259 963
15275 978
15292 990
15308 1003
15324 1019
15341 1035
15357 1046
15374 1062
15390 1081
15406 1093
15423 1103
15439 1129
15456 1151
15472 1110
15488 1181
15505 1200
15521 1222
15538 1235
15554 1258
15570 1279
15587 1299
15603 1314
15620 1337
15636 1358
15652 1380
15669 1397
15685 1424
15702 1444
15718 1465
15734 1491
15751 1510
15767 1533
15783 1562
15800 1588
15816 1609
15833 1633
15849 1660
15865 1680
15882 1706
15898 1746
15915 1761
15931 1782
15947 1824
15964 1836
15980 1862
15997 1879
16013 1912
16029 1940
16046 1966
16062 1992
16079 2022
16095 2057
16111 2071
16128 2101
16144 2119
16161 2153
16177 2182
16193 2210
16210 2237
16226 2266
16243 2294
16259 2320
16275 2345
16292 2375
16308 2403
16325 2430
16341 2455
16357 2485
16374 2512
16390 2538
16406 2566
16423 2582
16439 2617
16456 2643
16472 2628
16488 2698
16505 2726
16521 2835
16538 2780
16554 2804
16570 2831
16587 2858
16603 2883
16620 2908
16636 2932
16652 2957
16669 2973
16685 3003
16702 3029
16718 3050
16734 3073
16751 3096
16767 3126
16784 3141
16800 3164
16816 3188
16833 3206
16849 3227
16865 3250
16882 3267
16898 3299
16915 3306
16931 3328
16947 3318
16964 3363
16980 3383
16997 3409
17013 3414
17029 3431
17046 3450
17062 3460
17079 3475
17095 3487
17111 3505
17128 3516
17144 3525
17161 3544
17177 3555
17193 3567
17210 3580
17226 3584
17243 3597
17259 3608
17275 3613
17292 3625
17308 3632
17324 3641
17341 3647
17357 3654
17374 3660
17390 3662
17406 3668
17423 3688
17439 3678
17456 3682
17472 3655
17488 3692
17505 3689
17521 3697
17538 3697
17554 3698
17570 3696
17587 3701
17603 3700
17620 3702
17636 3700
17652 3700
17669 3702
17685 3697
17702 3696
17718 3697
17734 3693
17751 3688
17767 3688
17783 3680
17800 3679
17816 3676
17833 3671
17849 3664
17865 3660
17882 3657
17898 3655
17915 3643
17931 3639
17947 3659
17964 3624
17980 3618
17997 3584
18013 3597
18029 3593
18046 3584
18062 3572
18079 3567
18095 3557
18111 3553
18128 3539
18144 3534
18161 3519
18177 3506
18193 3495
18210 3485
18226 3472
18243 3460
18259 3447
18275 3436
18292 3423
18308 3409
18325 3397
18341 3386
18357 3369
18374 3356
18390 3342
18406 3325
18423 3306
18439 3297
18456 3282
18472 3268
18488 3249
18505 3239
18521 3193
18538 3202
18554 3186
18570 3169
18587 3149
18603 3130
18620 3117
18636 3097
18652 3077
18669 3067
18685 3043
18702 3024
18718 3005
18734 2988
18751 2965
18767 2946
18784 2927
18800 2907
18816 2884
18833 2867
18849 2848
18865 2828
18882 2805
18898 2786
18915 2763
18931 2743
18947 2713
18964 2702
18980 2677
18997 2657
19013 2637
19029 2616
19046 2592
19062 2574
19079 2553
19095 2528
19111 2508
19128 2485
19144 2461
19161 2437
19177 2415
19193 2401
19210 2370
19226 2348
19243 2326
19259 2304
19275 2279
19292 2259
19308 2234
19324 2212
19341 2188
19357 2167
19374 2142
19390 2120
19406 2098
19423 2025
19439 2051
19456 2032
19472 2038
19488 1984
19505 1959
19521 1953
19538 1917
19554 1893
19570 1877
19587 1850
19603 1825
19620 1812
19636 1786
19652 1760
19669 1733
19685 1719
19702 1698
19718 1674
19734 1652
19751 1635
19767 1610
19783 1590
19800 1572
19816 1554
19833 1528
19849 1510
19865 1490
19882 1470
19898 1445
19915 1430
19931 1408
19947 1379
19964 1370
19980 1357
19997 1288
20013 1315
20029 1298
20046 1279
20062 1260
20079 1247
20095 1240
20111 1212
20128 1193
20144 1178
20161 1162
20177 1145
20193 1130
20210 1119
20226 1101
20243 1088
20259 1074
20275 1057
20292 1043
20308 1032
20325 1019
20341 1002
20357 990
20374 980
20390 966
20406 957
20423 1005
20439 935
20456 926
20472 871
20488 904
20505 895
20521 880
20538 879
20554 867
20570 866
20587 853
20603 847
20620 846
20636 835
20652 826
20669 822
20685 817
20702 809
20718 805
20734 800
20751 799
20767 796
20784 789
20800 792
20816 788
20833 786
20849 786
20865 786
20882 782
20898 782
20915 785
20931 785
20947 778
20964 787
20980 791
20997 850
21013 797
21029 803
21046 802
21062 808
21079 813
21095 807
21111 822
21128 827
21144 832
21161 841
21177 849
21193 854
21210 869
21226 876
21243 883
21259 894
21275 903
21292 913
21308 922
21324 937
21341 945
21357 959
21374 971
21390 984
21406 997
21423 986
21439 1027
21456 1039
21472 1067
21488 1071
21505 1084
21521 1118
21538 1118
21554 1138
21570 1148
21587 1170
21603 1186
21620 1200
21636 1223
21652 1242
21669 1262
21685 1279
21702 1299
21718 1323
21734 1343
21751 1363
21767 1386
21783 1407
21800 1428
21816 1447
21833 1469
21849 1497
21865 1516
21882 1540
21898 1564
21915 1587
21931 1611
21947 1651
21964 1666
21980 1686
21997 1707
22013 1737
22029 1760
22046 1799
22062 1809
22079 1835
22095 1856
22111 1888
22128 1920
22144 1942
22161 1969
22177 1998
22193 2023
22210 2048
22226 2075
22243 2106
22259 2129
22275 2156
22292 2185
22308 2213
22325 2239
22341 2268
22357 2297
22374 2320
22390 2349
22406 2379
22423 2372
22439 2432
22456 2459
22472 2471
22488 2514
22505 2539
22521 2571
22538 2597
22554 2623
22570 2654
22587 2679
22603 2701
22620 2725
22636 2757
22652 2780
22669 2805
22685 2834
22702 2861
22718 2881
22734 2910
22751 2938
22767 2958
22784 2982
22800 3008
22816 3032
22833 3054
22849 3079
22865 3104
22882 3122
22898 3146
22915 3169
22931 3195
22947 3224
22964 3232
22980 3255
22997 3230
23013 3293
23029 3312
23046 3331
23062 3350
23079 3367
23095 3390
23111 3403
23128 3418
23144 3431
23161 3452
23177 3466
23193 3484
23210 3496
23226 3507
23243 3522
23259 3539
23275 3552
23292 3562
23308 3573
23324 3586
23341 3592
23357 3603
23374 3614
23390 3625
23406 3629
23423 3638
23439 3648
23456 3653
23472 3638
23488 3669
23505 3674
23521 3672
23538 3684
23554 3687
23570 3691
23587 3694
23603 3697
23620 3699
23636 3700
23652 3705
23669 3708
23685 3709
23702 3708
23718 3709
23734 3707
23751 3707
23767 3706
23783 3707
23800 3704
23816 3703
23833 3703
23849 3700
23865 3696
23882 3696
23898 3693
23915 3685
23931 3683
23947 3699
23964 3672
23980 3667
23997 3708
24013 3655
24029 3650
24046 3647
24062 3641
24079 3631
24095 3625
24111 3620
24128 3609
24144 3601
24161 3597
24177 3603
24193 3573
24210 3566
24226 3558
24243 3547
24259 3536
24275 3532
24292 3518
24308 3506
24325 3493
24341 3484
24357 3469
24374 3460
24390 3448
24406 3436
24423 3424
24439 3411
24456 3395
24472 3390
24488 3371
24505 3354
24521 3346
24538 3324
24554 3309
24570 3301
24587 3277
24603 3263
24620 3244
24636 3227
24652 3214
24669 3201
24685 3181
24702 3165
24718 3147
24734 3130
24751 3110
24767 3095
24784 3076
24800 3058
24816 3038
24833 3022
24849 3005
24865 2982
24882 2964
24898 2945
24915 2922
24931 2902
24947 2896
24964 2869
24980 2844
24997 2810
25013 2806
25029 2785
25046 2760
25062 2743
25079 2720
25095 2700
25111 2677
25128 2659
25144 2635
25161 2613
25177 2593
25193 2567
25210 2548
25226 2528
25243 2508
25259 2480
25275 2461
25292 2440
25308 2413
25324 2390
25341 2370
25357 2351
25374 2319
25390 2305
25406 2284
25423 2224
25439 2236
25456 2210
25472 2201
25488 2166
25505 2143
25521 2127
25538 2101
25554 2076
25570 2059
25587 2033
25603 2010
25620 1987
25636 1967
25652 1945
25669 1926
25685 1900
25702 1877
25718 1856
25734 1831
25751 1812
25767 1789
25783 1768
25800 1748
25816 1724
25833 1702
25849 1683
25865 1663
25882 1639
25898 1617
25915 1600
25931 1581
25947 1549
25964 1539
25980 1518
25997 1450
26013 1478
26029 1460
26046 1442
26062 1419
26079 1399
26095 1382
26111 1362
26128 1343
26144 1328
26161 1308
26177 1292
26193 1272
26210 1259
26226 1240
26243 1224
26259 1208
26275 1190
26292 1173
26308 1159
26325 1146
26341 1129
26357 1113
26374 1102
26390 1085
26406 1074
26423 1068
26439 1047
26456 1033
26472 1061
26488 1008
26505 996
26521 1005
26538 975
26554 964
26570 951
26587 943
26603 934
26620 916
26636 909
26652 904
26669 899
26685 883
26702 879
26718 885
26734 863
26751 859
26767 857
26784 847
26800 841
26816 837
26833 831
26849 827
26865 821
26882 820
26898 814
26915 812
26931 814
26947 845
26964 812
26980 804
26997 765
27013 806
27029 806
27046 807
27062 810
27079 802
27095 811
27111 814
27128 816
27144 815
27161 825
27177 830
27193 832
27210 836
27226 843
27243 844
27259 851
27275 859
27292 867
27308 874
27324 879
27341 891
27357 898
27374 904
27390 919
27406 927
27423 926
27439 946
27456 959
27472 1006
27488 982
27505 993
27521 983
27538 1021
27554 1034
27570 1049
27587 1059
27603 1074
27620 1091
27636 1107
27652 1122
27669 1131
27685 1159
27702 1173
27718 1189
27734 1209
27751 1228
27767 1243
27783 1262
27800 1285
27816 1301
27833 1320
27849 1343
27865 1362
27882 1382
27898 1403
27915 1427
27931 1445
27947 1502
27964 1490
27980 1513
27997 1539
28013 1558
28029 1579
28046 1604
28062 1628
28079 1653
28095 1684
28111 1699
28128 1724
28144 1750
28161 1773
28177 1797
28193 1825
28210 1848
28226 1874
28243 1901
28259 1927
28275 1955
28292 1980
28308 2010
28325 2034
28341 2056
28357 2087
28374 2115
28390 2140
28406 2163
28423 2194
28439 2220
28456 2245
28472 2251
28488 2303
28505 2330
28521 2358
28538 2384
28554 2413
28570 2442
28587 2464
28603 2493
28620 2519
28636 2541
28652 2573
28669 2599
28685 2624
28702 2652
28718 2690
28734 2704
28751 2730
28767 2756
28784 2779
28800 2806
28816 2832
28833 2860
28849 2881
28865 2906
28882 2934
28898 2956
28915 2980
28931 3004
28947 2958
28964 3046
28980 3072
28997 3123
29013 3117
29029 3141
29046 3163
29062 3186
29079 3207
29095 3214
29111 3247
29128 3264
29144 3282
29161 3307
29177 3322
29193 3334
29210 3358
29226 3378
29243 3391
29259 3408
29275 3423
29292 3441
29308 3452
29324 3468
29341 3484
29357 3497
29374 3507
29390 3525
29406 3536
29423 3550
29439 3559
29456 3572
29472 3579
29488 3588
29505 3600
29521 3630
29538 3617
29554 3625
29570 3626
29587 3638
29603 3643
29620 3649
29636 3656
29652 3661
29669 3667
29685 3672
29702 3675
29718 3680
29734 3683
29751 3683
29767 3686
29783 3689
29800 3691
29816 3692
29833 3693
29849 3693
29865 3690
29882 3690
29898 3691
29915 3692
29931 3688
29947 3776
29964 3687
29980 3685
29997 3654
30013 3682
30029 3675
30046 3671
30062 3667
30079 3664
30095 3654
30111 3652
30128 3647
30144 3639
30161 3634
30177 3630
30193 3624
30210 3615
30226 3608
30243 3602
30259 3595
30275 3584
30292 3579
30308 3569
30325 3556
30341 3547
30357 3541
30374 3533
30390 3519
30406 3510
30423 3500
30439 3484
30456 3475
30472 3475
30488 3450
30505 3440
30521 3474
30538 3417
30554 3402
30570 3389
30587 3378
30603 3362
30620 3341
30636 3331
30652 3321
30669 3303
30685 3287
30702 3275
30718 3264
30734 3241
30751 3226
30767 3212
30784 3194
30800 3177
30816 3159
30833 3142
30849 3123
30865 3108
30882 3093
30898 3070
30915 3053
30931 3038
30947 2994
30964 2996
30980 2978
30997 2972
31013 2939
31029 2918
31046 2901
31062 2877
31079 2859
31095 2839
31111 2818
31128 2800
31144 2776
31161 2762
31177 2734
31193 2715
31210 2698
31226 2671
31243 2651
31259 2632
31275 2608
31292 2588
31308 2563
31324 2546
31341 2522
31357 2499
31374 2479
31390 2459
31406 2431
31423 2408
31439 2388
31456 2364
31472 2348
31488 2323
31505 2302
31521 2250
31538 2253
31554 2232
31570 2209
31587 2184
31603 2163
31620 2131
31636 2114
31652 2094
31669 2067
31685 2049
31702 2025
31718 2017
31734 1980
31751 1957
31767 1936
31783 1916
31800 1891
31816 1866
31833 1846
31849 1823
31865 1799
31882 1785
31898 1762
31915 1738
31931 1716
31947 1670
31964 1671
31980 1649
31997 1601
32013 1612
32029 1586
32046 1568
32062 1546
32079 1528
32095 1512
32111 1483
32128 1468
32144 1445
32161 1430
32177 1407
32193 1387
32210 1368
32226 1344
32243 1332
32259 1315
32275 1297
32292 1280
32308 1260
32325 1243
32341 1225
32357 1209
32374 1192
32390 1179
32406 1160
32423 1144
32439 1128
32456 1115
32472 1095
32488 1084
32505 1072
32521 1019
32538 1040
32554 1026
32570 921
32587 1004
32603 989
32620 981
32636 966
32652 957
32669 951
32685 928
32702 923
32718 917
32734 902
32751 892
32767 884
32784 877
32800 864
32816 857
32833 850
32849 841
32865 838
32882 829
32898 825
32915 818
32931 812
32947 846
32964 802
32980 794
32997 830
33013 790
33029 789
33046 784
33062 785
33079 781
33095 768
33111 780
33128 781
33144 777
33161 778
33177 779
33193 781
33210 780
33226 786
33243 789
33259 790
33275 792
33292 799
33308 802
33324 805
33341 811
33357 816
33374 820
33390 826
33406 832
33423 845
33439 849
33456 860
33472 899
33488 873
33505 883
33521 841
33538 906
33554 914
33570 987
33587 937
33603 946
33620 957
33636 973
33652 987
33669 1007
33685 1014
33702 1030
33718 1038
33734 1057
33751 1075
33767 1087
33783 1105
33800 1119
33816 1141
33833 1153
33849 1174
33865 1194
33882 1207
33898 1228
33915 1245
33931 1265
33947 1270
33964 1303
33980 1329
33997 1342
34013 1366
34029 1388
34046 1412
34062 1431
34079 1454
34095 1481
34111 1499
34128 1522
34144 1549
34161 1569
34177 1592
34193 1611
34210 1645
34226 1664
34243 1691
34259 1716
34275 1744
34292 1765
34308 1789
34325 1816
34341 1842
34357 1867
34374 1895
34390 1920
34406 1947
34423 1974
34439 2001
34456 2028
34472 2071
34488 2082
34505 2110
34521 2126
34538 2160
34554 2189
34570 2181
34587 2242
34603 2271
34620 2300
34636 2326
34652 2352
34669 2386
34685 2407
34702 2432
34718 2470
34734 2489
34751 2515
34767 2543
34784 2572
34800 2597
34816 2623
34833 2651
34849 2679
34865 2704
34882 2731
34898 2757
34915 2780
34931 2806
34947 2818
34964 2860
34980 2882
34997 2888
35013 2935
35029 2957
35046 2982
35062 3007
35079 3031
35095 3047
35111 3076
35128 3100
35144 3118
35161 3142
35177 3165
35193 3189
35210 3208
35226 3226
35243 3251
35259 3269
35275 3286
35292 3308
35308 3321
35324 3343
35341 3360
35357 3381
35374 3394
35390 3412
35406 3430
35423 3446
35439 3458
35456 3472
35472 3488
35488 3501
35505 3514
35521 3546
35538 3540
35554 3550
35570 3560
35587 3575
35603 3581
35620 3595
35636 3604
35652 3609
35669 3617
35685 3627
35702 3634
35718 3652
35734 3647
35751 3657
35767 3659
35783 3666
35800 3670
35816 3673
35833 3675
35849 3680
35865 3685
35882 3686
35898 3688
35915 3692
35931 3694
35947 3671
35964 3694
35980 3696
35997 3730
36013 3692
36029 3693
36046 3693
36062 3688
36079 3686
36095 3686
36111 3685
36128 3679
36144 3677
36161 3675
36177 3671
36193 3667
36210 3664
36226 3657
36243 3652
36259 3647
36275 3639
36292 3634
36308 3630
36325 3624
36341 3615
36357 3607
36374 3604
36390 3592
36406 3584
36423 3576
36439 3568
36456 3557
36472 3540
36488 3538
36505 3530
36521 3561
36538 3510
36554 3498
36570 3562
36587 3473
36603 3463
36620 3453
36636 3437
36652 3425
36669 3418
36685 3399
36702 3386
36718 3373
36734 3358
36751 3344
36767 3332
36784 3317
36800 3302
36816 3285
36833 3269
36849 3252
36865 3236
36882 3220
36898 3208
36915 3185
36931 3173
36947 3152
36964 3139
36980 3119
36997 3083
37013 3087
37029 3066
37046 3046
37062 3033
37079 3007
37095 2991
37111 2974
37128 2956
37144 2931
37161 2914
37177 2896
37193 2879
37210 2852
37226 2833
37243 2812
37259 2793
37275 2772
37292 2755
37308 2728
37324 2710
37341 2690
37357 2667
37374 2643
37390 2623
37406 2602
37423 2579
37439 2555
37456 2537
37472 2538
37488 2493
37505 2471
37521 2428
37538 2427
37554 2402
37570 2338
37587 2357
37603 2331
37620 2311
37636 2290
37652 2266
37669 2243
37685 2224
37702 2198
37718 2173
37734 2156
37751 2134
37767 2108
37783 2083
37800 2060
37816 2038
37833 2014
37849 1994
37865 1974
37882 1949
37898 1925
37915 1904
37931 1880
37947 1865
37964 1835
37980 1816
37997 1782
38013 1771
38029 1750
38046 1728
38062 1703
38079 1687
38095 1660
38111 1641
38128 1620
38144 1601
38161 1575
38177 1556
38193 1537
38210 1517
38226 1495
38243 1475
38259 1458
38275 1437
38292 1416
38308 1402
38325 1377
38341 1358
38357 1341
38374 1324
38390 1302
38406 1285
38423 1268
38439 1247
38456 1233
38472 1312
38488 1203
38505 1183
38521 1198
38538 1151
38554 1136
38570 1130
38587 1103
38603 1090
38620 1069
38636 1057
38652 1048
38669 1032
38685 1021
38702 1007
38718 1000
38734 981
38751 970
38767 959
38784 944
38800 934
38816 925
38833 915
38849 903
38865 897
38882 887
38898 875
38915 865
38931 860
38947 847
38964 841
38980 835
38997 859
39013 822
39029 816
39046 813
39062 806
39079 800
39095 797
39111 794
39128 789
39144 789
39161 784
39177 778
39193 778
39210 778
39226 778
39243 763
39259 779
39275 777
39292 774
39308 776
39324 777
39341 782
39357 783
39374 784
39390 790
39406 792
39423 795
39439 801
39456 806
39472 895
39488 815
39505 823
39521 773
39538 835
39554 845
39570 845
39587 861
39603 867
39620 868
39636 888
39652 897
39669 908
39685 922
39702 928
39718 949
39734 955
39751 968
39767 979
39783 996
39800 1008
39816 1018
39833 1034
39849 1051
39865 1067
39882 1080
39898 1097
39915 1112
39931 1131
39947 1148
39964 1167
39980 1183
39997 1207
40013 1224
40029 1242
40046 1259
40062 1281
40079 1298
40095 1318
40111 1338
40128 1359
40144 1382
40161 1402
40177 1424
40193 1458
40210 1471
40226 1493
40243 1532
40259 1539
40275 1563
40292 1588
40308 1613
40325 1635
40341 1659
40357 1685
40374 1711
40390 1736
40406 1760
40423 1787
40439 1812
40456 1838
40472 1809
40488 1890
40505 1916
40521 1954
40538 1974
40554 1996
40570 2012
40587 2052
40603 2080
40620 2107
40636 2133
40652 2159
40669 2193
40685 2213
40702 2241
40718 2270
40734 2298
40751 2324
40767 2355
40784 2381
40800 2409
40816 2434
40833 2465
40849 2491
40865 2516
40882 2545
40898 2576
40915 2598
40931 2630
40947 2658
40964 2683
40980 2708
40997 2731
41013 2763
41029 2786
41046 2811
41062 2839
41079 2866
41095 2883
41111 2916
41128 2945
41144 2961
41161 2989
41177 3015
41193 3036
41210 3059
41226 3087
41243 3107
41259 3130
41275 3150
41292 3176
41308 3198
41324 3218
41341 3238
41357 3262
41374 3279
41390 3296
41406 3318
41423 3337
41439 3354
41456 3373
41472 3401
41488 3407
41505 3425
41521 3439
41538 3459
41554 3471
41570 3492
41587 3501
41603 3509
41620 3525
41636 3539
41652 3555
41669 3570
41685 3577
41702 3589
41718 3599
41734 3605
41751 3618
41767 3627
41783 3631
41800 3643
41816 3650
41833 3654
41849 3658
41865 3670
41882 3677
41898 3677
41915 3684
41931 3691
41947 3689
41964 3696
41980 3698
41997 3680
42013 3702
42029 3705
42046 3706
42062 3707
42079 3709
42095 3771
42111 3712
42128 3711
42144 3710
42161 3710
42177 3705
42193 3695
42210 3696
42226 3697
42243 3696
42259 3692
42275 3692
42292 3684
42308 3682
42325 3683
42341 3675
42357 3668
42374 3661
42390 3655
42406 3648
42423 3640
42439 3640
42456 3632
42472 3624
42488 3616
42505 3612
42521 3631
42538 3592
42554 3585
42570 3576
42587 3563
42603 3555
42620 3539
42636 3535
42652 3523
42669 3519
42685 3507
42702 3494
42718 3485
42734 3469
42751 3456
42767 3444
42784 3431
42800 3420
42816 3402
42833 3391
42849 3381
42865 3365
42882 3351
42898 3337
42915 3324
42931 3302
42947 3289
42964 3275
42980 3258
42997 3251
43013 3227
43029 3211
43046 3193
43062 3179
43079 3163
43095 3200
43111 3124
43128 3108
43144 3093
43161 3070
43177 3050
43193 3037
43210 3015
43226 2996
43243 2969
43259 2961
43275 2939
43292 2919
43308 2901
43324 2879
43341 2856
43357 2841
43374 2821
43390 2798
43406 2777
43423 2760
43439 2736
43456 2714
43472 2690
43488 2675
43505 2651
43521 2613
43538 2609
43554 2583
43570 2566
43587 2543
43603 2522
43620 2491
43636 2475
43652 2456
43669 2431
43685 2408
43702 2387
43718 2365
43734 2341
43751 2320
43767 2300
43783 2272
43800 2251
43816 2233
43833 2207
43849 2184
43865 2160
43882 2140
43898 2115
43915 2094
43931 2072
43947 2051
43964 2025
43980 2006
43997 1986
44013 1961
44029 1935
44046 1917
44062 1895
44079 1868
44095 1844
44111 1827
44128 1804
44144 1783
44161 1760
44177 1740
44193 1718
44210 1698
44226 1677
44243 1665
44259 1634
44275 1615
44292 1592
44308 1571
44325 1550
44341 1531
44357 1507
44374 1490
44390 1471
44406 1454
44423 1432
44439 1413
44456 1397
44472 1401
44488 1358
44505 1340
44521 1310
44538 1301
44554 1285
44570 1281
44587 1255
44603 1238
44620 1223
44636 1201
44652 1186
44669 1168
44685 1157
44702 1139
44718 1121
44734 1112
44751 1095
44767 1080
44784 1070
44800 1057
44816 1041
44833 1029
44849 1019
44865 1000
44882 992
44898 981
44915 969
44931 957
44947 948
44964 941
44980 928
44997 903
45013 910
45029 900
45046 892
45062 881
45079 876
45095 911
45111 861
45128 860
45144 848
45161 843
45177 838
45193 839
45210 828
45226 826
45243 815
45259 813
45275 811
45292 813
45308 813
45324 807
45341 806
45357 810
45374 805
45390 806
45406 804
45423 805
45439 805
45456 809
45472 798
45488 813
45505 814
45521 804
45538 823
45554 827
45570 827
45587 839
45603 839
45620 851
45636 854
45652 861
45669 873
45685 875
45702 886
45718 887
45734 901
45751 911
45767 920
45783 930
45800 940
45816 951
45833 960
45849 978
45865 985
45882 998
45898 1012
45915 1026
45931 1041
45947 1053
45964 1068
45980 1083
45997 1107
46013 1115
46029 1129
46046 1146
46062 1162
46079 1180
46095 1172
46111 1215
46128 1231
46144 1253
46161 1271
46177 1290
46193 1308
46210 1330
46226 1350
46243 1368
46259 1393
46275 1415
46292 1431
46308 1456
46325 1484
46341 1501
46357 1525
46374 1547
46390 1566
46406 1593
46423 1615
46439 1639
46456 1663
46472 1686
46488 1713
46505 1736
46521 1751
46538 1790
46554 1813
46570 1837
46587 1863
46603 1891
46620 1913
46636 1939
46652 1969
46669 2002
46685 2018
46702 2049
46718 2079
46734 2102
46751 2126
46767 2147
46784 2179
46800 2206
46816 2234
46833 2265
46849 2289
46865 2315
46882 2344
46898 2372
46915 2398
46931 2427
46947 2453
46964 2479
46980 2504
46997 2526
47013 2559
47029 2586
47046 2613
47062 2641
47079 2667
47095 2635
47111 2721
47128 2744
47144 2776
47161 2798
47177 2823
47193 2846
47210 2871
47226 2901
47243 2914
47259 2950
47275 2973
47292 2997
47308 3021
47324 3042
47341 3066
47357 3085
47374 3111
47390 3135
47406 3154
47423 3176
47439 3197
47456 3224
47472 3236
47488 3259
47505 3280
47521 3277
47538 3315
47554 3335
47570 3377
47587 3367
47603 3387
47620 3405
47636 3422
47652 3438
47669 3448
47685 3467
47702 3480
47718 3499
47734 3508
47751 3520
47767 3523
47783 3547
47800 3557
47816 3567
47833 3575
47849 3589
47865 3599
47882 3607
47898 3616
47915 3625
47931 3630
47947 3638
47964 3645
47980 3655
47997 3718
48013 3663
48029 3667
48046 3675
48062 3677
48079 3682
48095 3674
48111 3686
48128 3689
48144 3695
48161 3692
48177 3694
48193 3702
48210 3699
48226 3694
48243 3706
48259 3698
48275 3695
48292 3693
48308 3692
48325 3691
48341 3685
48357 3687
48374 3683
48390 3681
48406 3676
48423 3671
48439 3671
48456 3664
48472 3659
48488 3656
48505 3645
48521 3657
48538 3637
48554 3629
48570 3657
48587 3614
48603 3609
48620 3602
48636 3593
48652 3586
48669 3580
48685 3566
48702 3558
48718 3548
48734 3538
48751 3528
48767 3525
48784 3510
48800 3498
48816 3484
48833 3479
48849 3464
48865 3452
48882 3438
48898 3428
48915 3414
48931 3400
48947 3388
48964 3374
48980 3358
48997 3331
49013 3332
49029 3319
49046 3305
49062 3290
49079 3271
49095 3231
49111 3241
49128 3227
49144 3206
49161 3193
49177 3177
49193 3155
49210 3141
49226 3123
49243 3104
49259 3088
49275 3069
49292 3053
49308 3031
49324 3013
49341 2995
49357 2980
49374 2958
49390 2938
49406 2921
49423 2907
49439 2877
49456 2859
49472 2838
49488 2819
49505 2797
49521 2766
49538 2756
49554 2735
49570 2681
49587 2694
49603 2672
49620 2644
49636 2631
49652 2608
49669 2586
49685 2566
49702 2540
49718 2521
49734 2498
49751 2478
49767 2455
49783 2432
49800 2412
49816 2387
49833 2361
49849 2342
49865 2320
49882 2297
49898 2272
49915 2254
49931 2227
49947 2208
49964 2184
49980 2164
49997 2111
50013 2111
50029 2091
50046 2075
50062 2043
50079 2023
50095 2011
50111 1976
50128 1957
50144 1936
50161 1912
50177 1889
50193 1863
50210 1848
50226 1823
50243 1802
50259 1781
50275 1760
50292 1737
50308 1716
50325 1695
50341 1671
50357 1649
50374 1633
50390 1613
50406 1588
50423 1566
50439 1549
50456 1524
50472 1502
50488 1483
50505 1469
50521 1452
50538 1428
50554 1411
50570 1352
50587 1372
50603 1354
50620 1391
50636 1314
50652 1296
50669 1287
50685 1260
50702 1244
50718 1222
50734 1211
50751 1195
50767 1178
50784 1166
50800 1143
50816 1129
50833 1117
50849 1098
50865 1084
50882 1069
50898 1062
50915 1043
50931 1030
50947 1019
50964 1008
50980 990
50997 1036
51013 970
51029 951
51046 944
51062 936
51079 924
51095 906
51111 907
51128 899
51144 890
51161 874
51177 869
51193 852
51210 849
51226 847
51243 841
51259 837
51275 826
51292 821
51308 814
51324 809
51341 806
51357 805
51374 798
51390 794
51406 792
51423 790
51439 785
51456 787
51472 786
51488 783
51505 782
51521 781
51538 781
51554 784
51570 759
51587 790
51603 788
51620 783
51636 795
51652 798
51669 794
51685 809
51702 813
51718 820
51734 820
51751 829
51767 831
51783 841
51800 849
51816 856
51833 864
51849 874
51865 884
51882 892
51898 900
51915 913
51931 920
51947 931
51964 942
51980 958
51997 981
52013 978
52029 995
52046 1006
52062 1020
52079 1038
52095 1050
52111 1066
52128 1082
52144 1104
52161 1114
52177 1127
52193 1149
52210 1165
52226 1181
52243 1204
52259 1220
52275 1237
52292 1256
52308 1277
52325 1299
52341 1313
52357 1336
52374 1348
52390 1378
52406 1396
52423 1418
52439 1440
52456 1462
52472 1489
52488 1503
52505 1534
52521 1563
52538 1579
52554 1605
52570 1666
52587 1649
52603 1677
52620 1620
52636 1726
52652 1749
52669 1780
52685 1804
52702 1825
52718 1847
52734 1878
52751 1905
52767 1929
52784 1957
52800 1983
52816 2013
52833 2036
52849 2063
52865 2092
52882 2120
52898 2146
52915 2170
52931 2200
52947 2227
52964 2253
52980 2279
52997 2278
53013 2336
53029 2363
53046 2394
53062 2418
53079 2444
53095 2472
53111 2502
53128 2522
53144 2554
53161 2578
53177 2606
53193 2637
53210 2659
53226 2691
53243 2711
53259 2738
53275 2763
53292 2788
53308 2814
53324 2842
53341 2868
53357 2892
53374 2916
53390 2940
53406 2967
53423 2989
53439 3014
53456 3039
53472 3059
53488 3081
53505 3103
53521 3105
53538 3146
53554 3170
53570 3175
53587 3212
53603 3233
53620 3299
53636 3278
53652 3289
53669 3310
53685 3332
53702 3346
53718 3355
53734 3382
53751 3402
53767 3415
53783 3430
53800 3448
53816 3462
53833 3475
53849 3490
53865 3503
53882 3514
53898 3527
53915 3542
53931 3548
53947 3562
53964 3574
53980 3585
53997 3608
54013 3605
54029 3613
54046 3620
54062 3627
54079 3636
54095 3635
54111 3645
54128 3653
54144 3654
54161 3664
54177 3666
54193 3673
54210 3677
54226 3678
54243 3682
54259 3687
54275 3687
54292 3688
54308 3692
54325 3694
54341 3694
54357 3691
54374 3695
54390 3695
54406 3690
54423 3691
54439 3689
54456 3685
54472 3685
54488 3683
54505 3679
54521 3662
54538 3671
54554 3669
54570 3711
54587 3658
54603 3656
54620 3607
54636 3643
54652 3640
54669 3636
54685 3622
54702 3617
54718 3610
54734 3609
54751 3595
54767 3587
54784 3582
54800 3572
54816 3563
54833 3554
54849 3544
54865 3532
54882 3522
54898 3516
54915 3501
54931 3494
54947 3482
54964 3470
54980 3455
54997 3446
55013 3436
55029 3417
55046 3406
55062 3395
55079 3379
55095 3357
55111 3353
55128 3344
55144 3327
55161 3310
55177 3295
55193 3281
55210 3263
55226 3248
55243 3227
55259 3214
55275 3199
55292 3183
55308 3164
55324 3153
55341 3133
55357 3112
55374 3098
55390 3079
55406 3060
55423 3039
55439 3019
55456 3005
55472 2986
55488 2967
55505 2946
55521 2919
55538 2907
55554 2884
55570 2821
55587 2847
55603 2824
55620 2830
55636 2785
55652 2764
55669 2737
55685 2724
55702 2702
55718 2680
55734 2659
55751 2639
55767 2612
55783 2592
55800 2569
55816 2550
55833 2526
55849 2506
55865 2484
55882 2461
55898 2438
55915 2416
55931 2395
55947 2372
55964 2346
55980 2326
55997 2300
56013 2279
56029 2256
56046 2234
56062 2209
56079 2186
56095 2163
56111 2142
56128 2119
56144 2100
56161 2077
56177 2052
56193 2036
56210 2006
56226 1980
56243 1963
56259 1937
56275 1918
56292 1891
56308 1871
56325 1853
56341 1826
56357 1803
56374 1784
56390 1764
56406 1736
56423 1716
56439 1696
56456 1673
56472 1650
56488 1629
56505 1609
56521 1601
56538 1569
56554 1545
56570 1483
56587 1501
56603 1485
56620 1525
56636 1444
56652 1423
56669 1410
56685 1386
56702 1368
56718 1355
56734 1329
56751 1310
56767 1291
56784 1275
56800 1255
56816 1239
56833 1225
56849 1204
56865 1188
56882 1173
56898 1159
56915 1141
56931 1122
56947 1111
56964 1095
56980 1075
56997 1072
57013 1050
57029 1037
57046 1021
57062 1011
57079 995
57095 1006
57111 972
57128 962
57144 945
57161 935
57177 926
57193 925
57210 904
57226 896
57243 881
57259 877
57275 866
57292 858
57308 850
57324 840
57341 832
57357 830
57374 817
57390 816
57406 811
57423 803
57439 796
57456 796
57472 789
57488 784
57505 787
57521 744
57538 775
57554 778
57570 783
57587 767
57603 769
57620 763
57636 773
57652 769
57669 769
57685 773
57702 772
57718 772
57734 779
57751 783
57767 787
57783 787
57800 798
57816 796
57833 802
57849 808
57865 813
57882 819
57898 824
57915 831
57931 838
57947 848
57964 856
57980 865
57997 872
58013 886
58029 897
58046 907
58062 916
58079 932
58095 907
58111 950
58128 963
58144 982
58161 991
58177 1003
58193 1023
58210 1034
58226 1048
58243 1067
58259 1080
58275 1097
58292 1115
58308 1132
58325 1145
58341 1162
58357 1183
58374 1203
58390 1217
58406 1242
58423 1263
58439 1280
58456 1298
58472 1322
58488 1340
58505 1359
58521 1372
58538 1408
58554 1427
58570 1463
58587 1473
58603 1495
58620 1521
58636 1540
58652 1565
58669 1591
58685 1617
58702 1638
58718 1653
58734 1685
58751 1710
58767 1735
58784 1764
58800 1791
58816 1815
58833 1840
58849 1866
58865 1894
58882 1919
58898 1944
58915 1972
58931 2001
58947 2023
58964 2055
58980 2080
58997 2107
59013 2134
59029 2161
59046 2192
59062 2217
59079 2243
59095 2277
59111 2298
59128 2328
59144 2361
59161 2385
59177 2408
59193 2437
59210 2467
59226 2491
59243 2520
59259 2548
59275 2584
59292 2610
59308 2626
59324 2662
59341 2682
59357 2710
59374 2738
59390 2763
59406 2788
59423 2812
59439 2842
59456 2865
59472 2889
59488 2918
59505 2945
59521 2906
59538 2990
59554 3016
59570 3066
59587 3060
59603 3084
59620 3086
59636 3129
59652 3152
59669 3175
59685 3199
59702 3219
59718 3240
59734 3260
59751 3277
59767 3295
59783 3321
59800 3336
59816 3355
59833 3372
59849 3392
59865 3405
59882 3424
59898 3442
59915 3456
59931 3470
59947 3487
59964 3502
59980 3512
59997 3526
60013 3544
60029 3555
60046 3561
60062 3575
60079 3587
60095 3550
60111 3606
60128 3616
60144 3630
60161 3635
60177 3644
60193 3657
60210 3651
60226 3659
60243 3671
60259 3674
60275 3677
60292 3678
60308 3688
60325 3694
60341 3695
60357 3699
60374 3705
60390 3701
60406 3705
60423 3706
60439 3703
60456 3706
60472 3708
60488 3709
60505 3708
60521 3744
60538 3707
60554 3702
60570 3723
60587 3699
60603 3696
60620 3698
60636 3688
60652 3688
60669 3689
60685 3680
60702 3677
60718 3666
60734 3667
60751 3662
60767 3658
60784 3649
60800 3641
60816 3631
60833 3629
60849 3619
60865 3616
60882 3607
60898 3599
60915 3589
60931 3581
60947 3573
60964 3564
60980 3554
60997 3541
61013 3531
61029 3522
61046 3514
61062 3500
61079 3489
61095 3526
61111 3467
61128 3455
61144 3423
61161 3427
61177 3419
61193 3410
61210 3386
61226 3371
61243 3354
61259 3347
61275 3332
61292 3310
61308 3305
61324 3285
61341 3277
61357 3258
61374 3238
61390 3222
61406 3206
61423 3192
61439 3172
61456 3157
61472 3141
61488 3123
61505 3101
61521 3113
61538 3068
61554 3044
61570 3013
61587 3014
61603 2995
61620 2975
61636 2951
61652 2938
61669 2914
61685 2892
61702 2876
61718 2850
61734 2833
61751 2813
61767 2791
61783 2772
61800 2751
61816 2731
61833 2711
61849 2687
61865 2667
61882 2646
61898 2621
61915 2601
61931 2582
61947 2559
61964 2536
61980 2515
61997 2494
62013 2468
62029 2446
62046 2419
62062 2406
62079 2379
62095 2355
62111 2335
62128 2312
62144 2338
62161 2267
62177 2242
62193 2223
62210 2200
62226 2176
62243 2152
62259 2130
62275 2111
62292 2087
62308 2062
62325 2039
62341 2020
62357 1995
62374 1972
62390 1950
62406 1927
62423 1903
62439 1884
62456 1864
62472 1839
62488 1817
62505 1796
62521 1740
62538 1753
62554 1729
62570 1681
62587 1684
62603 1667
62620 1641
62636 1620
62652 1603
62669 1588
62685 1562
62702 1541
62718 1522
62734 1504
62751 1480
62767 1459
62784 1441
62800 1424
62816 1403
62833 1386
62849 1365
62865 1347
62882 1330
62898 1313
62915 1293
62931 1276
62947 1258
62964 1246
62980 1222
62997 1209
63013 1196
63029 1173
63046 1160
63062 1148
63079 1130
63095 1138
63111 1098
63128 1087
63144 1053
63161 1058
63177 1048
63193 1033
63210 1018
63226 1010
63243 995
63259 983
63275 970
63292 964
63308 947
63324 938
63341 928
63357 924
63374 910
63390 902
63406 895
63423 881
63439 875
63456 868
63472 861
63488 851
63505 847
63521 885
63538 833
63554 832
63570 819
63587 825
63603 818
63620 815
63636 810
63652 805
63669 804
63685 807
63702 799
63718 795
63734 799
63751 804
63767 798
63783 802
63800 802
63816 796
63833 800
63849 805
63865 809
63882 810
63898 811
63915 817
63931 820
63947 825
63964 834
63980 838
63997 840
64013 852
64029 858
64046 862
64062 868
64079 881
64095 951
64111 896
64128 903
64144 896
64161 925
64177 938
64193 953
64210 960
64226 973
64243 982
64259 997
64275 1009
64292 1018
64308 1040
64325 1048
64341 1066
64357 1081
64374 1098
64390 1112
64406 1126
64423 1146
64439 1163
64456 1176
64472 1198
64488 1217
64505 1233
64521 1246
64538 1271
64554 1288
64570 1319
64587 1334
64603 1353
64620 1371
64636 1390
64652 1416
64669 1430
64685 1456
64702 1478
64718 1496
64734 1526
64751 1546
64767 1570
64784 1595
64800 1616
64816 1643
64833 1668
64849 1690
64865 1717
64882 1742
64898 1767
64915 1791
64931 1816
64947 1842
64964 1866
64980 1895
64997 1921
65013 1947
65029 1971
65046 2001
65062 2030
65079 2052
65095 2066
65111 2106
65128 2134
65144 2183
65161 2190
65177 2213
65193 2240
65210 2269
65226 2298
65243 2320
65259 2351
65275 2379
65292 2403
65308 2433
65324 2462
65341 2491
65357 2514
65374 2540
65390 2570
65406 2593
65423 2620
65439 2649
65456 2676
65472 2703
65488 2729
65505 2758
65521 2787
65538 2803
65554 2832
65570 2841
65587 2883
65603 2907
65620 2931
65636 2954
65652 2978
65669 3002
65685 3030
65702 3051
65718 3076
65734 3102
65751 3119
65767 3147
65783 3165
65800 3184
65816 3208
65833 3226
65849 3252
65865 3270
65882 3287
65898 3309
65915 3327
65931 3343
65947 3363
65964 3386
65980 3396
65997 3412
66013 3433
66029 3446
66046 3463
66062 3476
66079 3493
66095 3471
66111 3519
66128 3533
66144 3492
66161 3553
66177 3566
66193 3587
66210 3586
66226 3597
66243 3607
66259 3617
66275 3626
66292 3638
66308 3642
66325 3645
66341 3655
66357 3660
66374 3665
66390 3670
66406 3676
66423 3680
66439 3691
66456 3687
66472 3693
66488 3697
66505 3696
66521 3700
66538 3701
66554 3703
66570 3740
66587 3701
66603 3705
66620 3727
66636 3704
66652 3705
66669 3697
66685 3699
66702 3697
66718 3693
66734 3690
66751 3687
66767 3690
66784 3679
66800 3677
66816 3666
66833 3673
66849 3663
66865 3661
66882 3655
66898 3645
66915 3648
66931 3636
66947 3627
66964 3621
66980 3613
66997 3606
67013 3600
67029 3588
67046 3581
67062 3571
67079 3562
67095 3597
67111 3544
67128 3533
67144 3537
67161 3515
67177 3503
