2 893
55 859
71 832
88 803
104 780
121 748
137 724
153 701
170 668
186 643
203 622
219 595
235 567
252 547
268 511
285 496
301 471
317 471
334 426
350 400
366 344
383 358
399 333
416 315
432 294
448 273
465 256
481 234
498 218
514 186
530 182
547 169
563 155
580 146
596 138
612 134
629 129
645 124
662 129
678 122
694 126
711 124
727 128
744 84
760 132
776 136
793 129
809 141
825 145
842 151
858 150
875 155
891 169
907 165
924 171
940 173
957 182
973 186
991 196
1007 201
1023 209
1040 216
1056 223
1073 237
1089 248
1105 255
1122 264
1138 276
1154 288
1171 296
1187 308
1204 325
1220 336
1236 354
1253 369
1269 381
1286 398
1302 412
1318 452
1335 446
1351 462
1368 484
1384 502
1400 520
1417 544
1433 565
1450 582
1466 603
1482 626
1499 650
1515 672
1532 692
1548 714
1564 739
1581 762
1597 790
1613 814
1630 841
1646 863
1663 892
1679 917
1695 944
1712 972
1728 1001
1745 1027
1761 1057
1777 1087
1794 1117
1810 1145
1827 1175
1843 1215
1859 1237
1876 1265
1892 1260
1909 1328
1925 1360
1941 1342
1958 1425
1974 1455
1997 1506
2013 1536
2029 1566
2046 1600
2062 1635
2079 1665
2095 1699
2111 1734
2128 1773
2144 1799
2161 1837
2177 1875
2193 1939
2210 1938
2226 1974
2243 2024
2259 2040
2275 2074
2292 2114
2308 2148
2325 2179
2341 2207
2357 2252
2374 2284
2390 2313
2406 2354
2423 2384
2439 2421
2456 2453
2472 2491
2488 2523
2505 2554
2521 2589
2538 2621
2554 2654
2570 2688
2587 2724
2603 2754
2620 2781
2636 2816
2652 2842
2669 2877
2685 2908
2702 2940
2718 2960
2734 2997
2751 3027
2767 3019
2784 3086
2800 3112
2816 3185
2833 3166
2849 3192
2865 3218
2882 3243
2898 3269
2915 3292
2931 3317
2947 3341
2964 3361
2980 3387
2998 3408
3014 3429
3031 3448
3047 3468
3063 3491
3080 3504
3096 3521
3113 3540
3129 3559
3145 3573
3162 3588
3178 3603
3194 3616
3211 3627
3227 3641
3244 3654
3260 3664
3276 3673
3293 3682
3309 3694
3326 3699
3342 3672
3358 3717
3375 3721
3391 3733
3408 3735
3424 3743
3440 3747
3457 3746
3473 3753
3490 3756
3506 3756
3522 3759
3539 3764
3555 3759
3572 3761
3588 3764
3604 3759
3621 3761
3637 3759
3653 3760
3670 3757
3686 3754
3703 3755
3719 3749
3735 3747
3752 3744
3768 3797
3785 3735
3801 3727
3817 3740
3834 3717
3850 3714
3867 3689
3883 3701
3899 3691
3916 3680
3932 3678
3949 3669
3965 3658
3981 3649
3999 3639
4015 3629
4032 3618
4048 3604
4064 3595
4081 3585
4097 3572
4114 3567
4130 3550
4146 3537
4163 3520
4179 3504
4196 3495
4212 3481
4228 3463
4245 3449
4261 3434
4278 3414
4294 3402
4310 3385
4327 3367
4343 3286
4360 3334
4376 3317
4392 3259
4409 3274
4425 3256
4441 3240
4458 3215
4474 3197
4491 3185
4507 3153
4523 3134
4540 3111
4556 3091
4573 3068
4589 3038
4605 3024
4622 3002
4638 2976
4655 2952
4671 2930
4687 2908
4704 2879
4720 2861
4737 2832
4753 2806
4769 2781
4786 2757
4802 2726
4819 2696
4835 2681
4851 2652
4868 2642
4884 2602
4900 2574
4917 2505
4933 2517
4950 2488
4966 2467
4984 2429
5001 2401
5017 2374
5033 2340
5050 2315
5066 2277
5083 2255
5099 2224
5115 2202
5132 2169
5148 2139
5164 2108
5181 2083
5197 2047
5214 2009
5230 1990
5246 1960
5263 1927
5279 1897
5296 1872
5312 1837
5328 1807
5345 1777
5361 1749
5378 1716
5394 1682
5410 1655
5427 1621
5443 1642
5460 1562
5476 1533
5492 1474
5509 1471
5525 1442
5542 1397
5558 1381
5574 1347
5591 1320
5607 1288
5623 1263
5640 1234
5656 1201
5673 1172
5689 1144
5705 1113
5722 1083
5738 1056
5755 1028
5771 999
5787 967
5804 942
5820 913
5837 881
5853 854
5869 828
5886 804
5902 771
5919 747
5935 723
5951 692
5968 656
5986 640
6002 613
6019 586
6035 573
6052 538
6068 512
6084 489
6101 468
6117 395
6134 417
6150 398
6166 290
6183 350
6199 332
6216 308
6232 285
6248 267
6265 249
6281 233
6297 214
6314 188
6330 180
6347 162
6363 152
6379 144
6396 137
6412 133
6429 129
6445 125
6461 125
6478 123
6494 126
6511 127
6527 124
6543 134
6560 129
6576 126
6593 129
6609 137
6625 151
6642 153
6658 152
6675 159
6691 165
6707 166
6724 171
6740 186
6756 181
6773 189
6789 192
6806 206
6822 211
6838 221
6855 226
6871 236
6888 247
6904 256
6920 264
6937 277
6953 285
6970 302
6987 317
7004 330
7020 340
7036 352
7053 373
7069 384
7085 402
7102 418
7118 416
7135 453
7151 471
7167 520
7184 506
7200 527
7217 544
7233 570
7249 586
7266 607
7282 631
7299 656
7315 670
7331 699
7348 724
7364 748
7381 769
7397 800
7413 821
7430 846
7446 872
7463 901
7479 927
7495 952
7512 983
7528 1004
7544 1037
7561 1066
7577 1096
7594 1127
7610 1154
7626 1189
7643 1207
7659 1246
7676 1273
7692 1342
7708 1339
7725 1371
7741 1412
7758 1436
7774 1466
7790 1500
7807 1534
7823 1566
7840 1601
7856 1636
7872 1667
7889 1709
7905 1736
7922 1768
7938 1802
7954 1837
7971 1873
7991 1911
8007 1949
8024 1984
8040 2017
8057 2052
8073 2091
8089 2120
8106 2156
8122 2193
8138 2237
8155 2255
8171 2295
8188 2328
8204 2359
8220 2396
8237 2432
8253 2465
8270 2497
8286 2531
8302 2569
8319 2599
8335 2631
8352 2666
8368 2618
8384 2728
8401 2763
8417 2846
8434 2826
8450 2858
8466 2903
8483 2918
8499 2948
8516 2968
8532 3009
8548 3036
8565 3067
8581 3096
8597 3123
8614 3150
8630 3180
8647 3204
8663 3227
8679 3256
8696 3283
8712 3300
8729 3326
8745 3353
8761 3376
8778 3395
8794 3418
8811 3440
8827 3458
8843 3482
8860 3501
8876 3515
8893 3516
8909 3548
8925 3566
8942 3551
8958 3598
8975 3610
8992 3624
9008 3639
9025 3652
9041 3647
9058 3672
9074 3683
9090 3691
9107 3699
9123 3709
9140 3714
9156 3725
9172 3731
9189 3741
9205 3742
9222 3744
9238 3752
9254 3756
9271 3761
9287 3759
9304 3765
9320 3766
9336 3767
9353 3767
9369 3770
9385 3771
9402 3769
9418 3761
9435 3771
9451 3769
9467 3800
9484 3765
9500 3760
9517 3788
9533 3754
9549 3751
9566 3748
9582 3739
9599 3735
9615 3725
9631 3727
9648 3716
9664 3710
9681 3707
9697 3698
9713 3687
9730 3682
9746 3675
9763 3666
9779 3656
9795 3648
9812 3636
9828 3626
9844 3617
9861 3606
9877 3593
9894 3578
9910 3568
9926 3555
9943 3508
9959 3530
9976 3516
9999 3497
10016 3480
10032 3468
10048 3453
10065 3440
10081 3420
10098 3405
10114 3389
10130 3369
10147 3350
10163 3331
10179 3316
10196 3299
10212 3278
10229 3255
10245 3239
10261 3220
10278 3199
10294 3180
10311 3158
10327 3136
10343 3115
10360 3092
10376 3073
10393 3040
10409 3025
10425 3006
10442 3024
10458 2959
10475 2932
10491 2903
10507 2885
10524 2859
10540 2841
10557 2812
10573 2785
10589 2756
10606 2736
10622 2708
10638 2677
10655 2655
10671 2632
10688 2601
10704 2575
10720 2548
10737 2521
10753 2490
10770 2464
10786 2437
10802 2408
10819 2376
10835 2350
10852 2322
10868 2324
10884 2268
10901 2238
10917 2186
10934 2177
10950 2148
10966 2121
10984 2088
11000 2058
11017 2028
11033 1996
11049 1966
11066 1939
11082 1911
11099 1881
11115 1851
11131 1820
11148 1787
11164 1754
11181 1726
11197 1697
11213 1669
11230 1635
11246 1605
11263 1574
11279 1548
11295 1514
11312 1485
11328 1455
11345 1426
11361 1391
11377 1364
11394 1337
11410 1303
11426 1274
11443 1207
11459 1219
11476 1187
11492 1120
11508 1129
11525 1104
11541 1093
11558 1041
11574 1016
11590 986
11607 960
11623 930
11640 906
11656 877
11672 846
11689 819
11705 795
11722 767
11738 735
11754 716
11771 692
11787 663
11804 638
11820 613
11836 591
11853 567
11869 544
11885 514
11902 494
11918 469
11935 446
11951 424
11967 383
11985 377
12001 353
12018 332
12034 316
12051 294
12067 226
12083 254
12100 239
12116 290
12133 202
12149 186
12165 172
12182 162
12198 153
12214 150
12231 138
12247 131
12264 135
12280 131
12296 126
12313 125
12329 132
12346 134
12362 133
12378 130
12395 139
12411 139
12428 143
12444 160
12460 150
12477 152
12493 168
12510 165
12526 162
12542 138
12559 179
12575 185
12592 222
12608 197
12624 208
12641 205
12657 220
12673 229
12690 238
12706 244
12723 255
12739 263
12755 278
12772 286
12788 300
12805 317
12821 328
12837 340
12854 356
12870 368
12887 382
12903 399
12919 420
12936 431
12952 451
12969 465
12987 492
13004 507
13020 527
13037 546
13053 568
13069 586
13086 611
13102 632
13119 656
13135 676
13151 702
13168 688
13184 746
13200 773
13217 853
13233 820
13250 848
13266 877
13282 899
13299 930
13315 953
13332 981
13348 1007
13364 1037
13381 1073
13397 1097
13414 1122
13430 1157
13446 1190
13463 1217
13479 1248
13496 1279
13512 1309
13528 1338
13545 1374
13561 1407
13578 1435
13594 1477
13610 1502
13627 1534
13643 1570
13659 1601
13676 1639
13692 1631
13709 1706
13725 1738
13741 1748
13758 1803
13774 1840
13791 1876
13807 1908
13823 1942
13840 1975
13856 2010
13873 2045
13889 2086
13905 2118
13922 2150
13938 2185
13955 2214
13971 2254
13988 2294
14005 2331
14021 2361
14038 2476
14054 2433
14070 2462
14087 2498
14103 2531
14120 2563
14136 2597
14152 2633
14169 2665
14185 2695
14202 2729
14218 2756
14234 2793
14251 2824
14267 2868
14284 2889
14300 2919
14316 2943
14333 2980
14349 3008
14366 3043
14382 3069
14398 3095
14415 3122
14431 3152
14447 3180
14464 3201
14480 3228
14497 3259
14513 3280
14529 3306
14546 3330
14562 3356
14579 3374
14595 3398
14611 3421
14628 3444
14644 3460
14661 3481
14677 3499
14693 3516
14710 3534
14726 3555
14743 3559
14759 3583
14775 3600
14792 3579
14808 3625
14825 3639
14841 3640
14857 3670
14874 3673
14890 3686
14906 3696
14923 3702
14939 3711
14956 3720
14972 3728
14993 3736
15010 3741
15026 3747
15042 3733
15059 3755
15075 3761
15092 3796
15108 3765
15124 3768
15141 3763
15157 3768
15174 3771
15190 3781
15206 3774
15223 3771
15239 3780
15255 3774
15272 3773
15288 3767
15305 3765
15321 3762
15337 3755
15354 3754
15370 3752
15387 3748
15403 3742
15419 3738
15436 3735
15452 3724
15469 3722
15485 3714
15501 3708
15518 3660
15534 3694
15551 3684
15567 3704
15583 3667
15600 3661
15616 3650
15633 3633
15649 3629
15665 3617
15682 3607
15698 3596
15714 3583
15731 3569
15747 3554
15764 3549
15780 3530
15796 3518
15813 3504
15829 3491
15846 3473
15862 3458
15878 3445
15895 3430
15911 3410
15928 3395
15944 3380
15960 3362
15977 3343
15994 3322
16011 3305
16027 3288
16043 3273
16060 3247
16076 3226
16093 3172
16109 3183
16125 3166
16142 3127
16158 3121
16175 3103
16191 3052
16207 3061
16224 3034
16240 3016
16257 2992
16273 2966
16289 2944
16306 2919
16322 2896
16339 2877
16355 2845
16371 2819
16388 2797
16404 2769
16420 2746
16437 2722
16453 2691
16470 2665
16486 2640
16502 2614
16519 2583
16535 2557
16552 2533
16568 2499
16584 2475
16601 2450
16617 2442
16634 2389
16650 2362
16666 2317
16683 2302
16699 2274
16716 2251
16732 2221
16748 2188
16765 2152
16781 2133
16798 2100
16814 2066
16830 2043
16847 2011
16863 1984
16879 1949
16896 1923
16912 1890
16929 1859
16945 1831
16961 1801
16978 1769
16995 1739
17012 1705
17028 1673
17045 1647
17061 1612
17077 1586
17094 1555
17110 1525
17126 1492
17143 1489
17159 1435
17176 1405
17192 1360
17208 1344
17225 1315
17241 1282
17258 1252
17274 1227
17290 1194
17307 1167
17323 1138
17340 1111
17356 1080
17372 1049
17389 1015
17405 994
17422 957
17438 937
17454 908
17471 881
17487 854
17504 828
17520 800
17536 773
17553 746
17569 723
17585 697
17602 670
17618 645
17635 617
17651 593
17667 559
17684 547
17700 519
17717 537
17733 476
17749 453
17766 393
17782 398
17799 381
17815 360
17831 337
17848 319
17864 298
17881 275
17897 259
17913 238
17930 219
17946 204
17963 190
17979 173
17995 162
18012 151
18028 147
18045 135
18061 131
18077 128
18094 129
18110 128
18127 125
18143 121
18159 128
18176 132
18192 139
18209 138
18225 138
18241 95
18258 145
18274 143
18290 153
18307 159
18323 163
18340 168
18356 169
18372 181
18389 182
18405 188
18422 195
18438 216
18454 207
18471 217
18487 227
18504 233
18520 241
18536 254
18553 266
18569 275
18586 285
18602 298
18618 313
18635 320
18651 335
18668 387
18684 363
18700 379
18717 395
18733 413
18749 428
18766 467
18782 465
18799 482
18815 494
18831 517
18848 535
18864 560
18881 578
18897 602
18913 621
18930 647
18946 667
18963 689
18979 710
18995 735
19012 763
19028 783
19045 808
19061 835
19077 860
19094 886
19110 915
19127 943
19143 969
19159 995
19176 1025
19192 1047
19209 1083
19225 1110
19241 1151
19258 1168
19274 1200
19290 1226
19307 1265
19323 1292
19340 1319
19356 1357
19372 1387
19389 1419
19405 1451
19422 1484
19438 1512
19454 1547
19471 1586
19487 1614
19504 1650
19520 1683
19536 1719
19553 1750
19569 1783
19586 1818
19602 1852
19618 1883
19635 1924
19651 1960
19668 2073
19684 2024
19700 2063
19717 2091
19733 2127
19749 2163
19766 2192
19782 2230
19799 2267
19815 2299
19831 2334
19848 2366
19864 2406
19881 2436
19897 2470
19913 2510
19930 2538
19946 2569
19963 2602
19979 2636
19995 2674
20012 2701
20028 2732
20045 2771
20061 2796
20077 2831
20094 2864
20110 2897
20127 2921
20143 2949
20159 2982
20176 3009
20192 3051
20209 3072
20225 3099
20241 3126
20258 3153
20274 3180
20290 3198
20307 3228
20323 3256
20340 3280
20356 3303
20372 3327
20389 3353
20405 3374
20422 3394
20438 3408
20454 3435
20471 3457
20487 3477
20504 3496
20520 3514
20536 3529
20553 3547
20569 3563
20586 3575
20602 3595
20618 3608
20635 3622
20651 3635
20668 3711
20684 3657
20700 3666
20717 3659
20733 3688
20749 3694
20766 3717
20782 3712
20799 3716
20815 3719
20831 3733
20848 3737
20864 3745
20881 3746
20897 3751
20913 3749
20930 3756
20946 3759
20963 3762
20979 3758
20995 3762
21012 3766
21028 3763
21045 3764
21061 3764
21077 3765
21094 3760
21110 3758
21127 3757
21143 3754
21159 3748
21176 3747
21192 3747
21209 3740
21225 3735
21241 3701
21258 3724
21274 3716
21290 3718
21307 3705
21323 3695
21340 3694
21356 3684
21372 3672
21389 3670
21405 3657
21422 3647
21438 3629
21454 3630
21471 3617
21487 3606
21504 3594
21520 3583
21536 3570
21553 3557
21569 3543
21586 3532
21602 3518
21618 3505
21635 3493
21651 3473
21668 3446
21684 3445
21700 3428
21717 3434
21733 3396
21749 3381
21766 3378
21782 3344
21799 3331
21815 3311
21831 3290
21848 3272
21864 3260
21881 3232
21897 3210
21913 3190
21930 3170
21946 3149
21963 3128
21979 3111
21995 3085
22012 3063
22028 3042
22045 3016
22061 2994
22077 2972
22094 2949
22110 2925
22127 2899
22143 2880
22159 2850
22176 2825
22192 2822
22209 2780
22225 2750
22241 2693
22258 2699
22274 2669
22290 2596
22307 2619
22323 2593
22340 2565
22356 2535
22372 2511
22389 2488
22405 2452
22422 2425
22438 2402
22454 2366
22471 2338
22487 2310
22504 2280
22520 2251
22536 2231
22553 2196
22569 2162
22586 2134
22602 2104
22618 2073
22635 2045
22651 2013
22668 2007
22684 1951
22700 1924
22717 1863
22733 1859
22749 1831
22766 1805
22782 1772
22799 1739
22815 1707
22831 1677
22848 1647
22864 1621
22881 1586
22897 1555
22913 1527
22930 1498
22946 1468
22963 1433
22979 1403
22995 1376
23012 1345
23028 1312
23045 1285
23061 1256
23077 1225
23094 1194
23110 1167
23127 1136
23143 1107
23159 1080
23176 1048
23192 1047
23209 987
23225 962
23241 976
23258 902
23274 877
23290 846
23307 825
23323 793
23340 771
23356 739
23372 714
23389 685
23405 663
23422 633
23438 610
23454 589
23471 560
23487 533
23504 510
23520 486
23536 461
23553 437
23569 418
23586 392
23602 372
23618 349
23635 324
23651 302
23668 255
23684 265
23700 244
23717 250
23733 211
23749 192
23766 176
23782 161
23799 152
23815 136
23831 134
23848 132
23864 125
23881 124
23897 126
23913 126
23930 125
23946 125
23963 125
23979 129
23995 131
24012 140
24028 140
24045 143
24061 145
24077 152
24094 156
24110 158
24127 163
24143 170
24159 169
24176 180
24192 171
24209 191
24225 197
24241 170
24258 213
24274 222
24290 240
24307 241
24323 250
24340 262
24356 272
24372 277
24389 290
24405 301
24422 317
24438 323
24454 348
24471 358
24487 375
24504 387
24520 403
24536 421
24553 438
24569 455
24586 472
24602 495
24618 513
24635 527
24651 552
24668 529
24684 589
24700 612
24717 640
24733 654
24749 676
24766 702
24782 725
24799 747
24815 771
24831 801
24848 823
24864 850
24881 876
24897 901
24913 927
24930 956
24946 985
24963 1013
24979 1038
24995 1069
25012 1098
25028 1124
25045 1160
25061 1189
25077 1219
25094 1246
25110 1281
25127 1309
25143 1339
25159 1373
25176 1408
25192 1429
25209 1472
25225 1505
25241 1521
25258 1566
25274 1603
25290 1631
25307 1672
25323 1704
25340 1736
25356 1769
25372 1803
25389 1837
25405 1872
25422 1906
25438 1935
25454 1980
25471 2012
25487 2043
25504 2082
25520 2113
25536 2148
25553 2181
25569 2221
25586 2250
25602 2285
25618 2325
25635 2355
25651 2388
25668 2460
25684 2458
25700 2492
25717 2527
25733 2561
25749 2592
25766 2629
25782 2657
25799 2692
25815 2728
25831 2753
25848 2788
25864 2820
25881 2849
25897 2883
25913 2905
25930 2940
25946 2970
25963 3003
25979 3031
25995 3058
26012 3090
26028 3121
26045 3142
26061 3171
26077 3198
26094 3222
26110 3248
26127 3273
26143 3299
26159 3318
26176 3344
26192 3390
26209 3390
26225 3411
26241 3445
26258 3455
26274 3470
26290 3523
26307 3508
26323 3525
26340 3544
26356 3561
26372 3574
26389 3589
26405 3607
26422 3618
26438 3638
26454 3645
26471 3653
26487 3668
26504 3674
26520 3685
26536 3695
26553 3702
26569 3710
26586 3720
26602 3726
26618 3731
26635 3739
26651 3741
26668 3746
26684 3750
26700 3753
26717 3729
26733 3760
26749 3763
26766 3775
26782 3764
26799 3767
26815 3767
26831 3766
26848 3773
26864 3767
26881 3760
26897 3762
26913 3754
26930 3756
26946 3753
26963 3751
26979 3749
26995 3742
27012 3738
27028 3740
27045 3729
27061 3722
27077 3719
27094 3710
27110 3703
27127 3695
27143 3689
27159 3681
27176 3671
27192 3691
27209 3604
27225 3643
27241 3607
27258 3622
27274 3612
27290 3610
27307 3589
27323 3577
27340 3565
27356 3553
27372 3542
27389 3529
27405 3514
27422 3500
27438 3485
27454 3470
27471 3457
27487 3441
27504 3422
27520 3405
27536 3392
27553 3373
27569 3356
27586 3337
27602 3321
27618 3298
27635 3282
27651 3264
27668 3253
27684 3223
27700 3206
27717 3162
27733 3164
27749 3143
27766 3142
27782 3098
27799 3076
27815 3055
27831 3036
27848 3009
27864 2992
27881 2962
27897 2940
27913 2917
27930 2895
27946 2868
27963 2836
27979 2819
27995 2795
28012 2766
28028 2739
28045 2717
28061 2690
28077 2662
28094 2636
28110 2611
28127 2579
28143 2556
28159 2528
28176 2498
28192 2418
28209 2443
28225 2418
28241 2354
28258 2359
28274 2331
28290 2292
28307 2270
28323 2243
28340 2212
28356 2185
28372 2155
28389 2128
28405 2096
28422 2064
28438 2031
28454 2006
28471 1984
28487 1945
28504 1917
28520 1883
28536 1855
28553 1824
28569 1799
28586 1764
28602 1733
28618 1706
28635 1670
28651 1640
28668 1615
28684 1581
28700 1551
28717 1507
28733 1492
28749 1460
28766 1401
28782 1398
28799 1370
28815 1333
28831 1312
28848 1283
28864 1250
28881 1219
28897 1193
28913 1160
28930 1132
28946 1104
28963 1072
28979 1047
28995 1015
29012 992
29028 960
29045 934
29061 906
29077 879
29094 848
29110 824
29127 796
29143 769
29159 741
29176 719
29192 772
29209 662
29225 639
29241 566
29258 589
29274 565
29290 524
29307 518
29323 492
29340 476
29356 447
29372 423
29389 403
29405 382
29422 355
29438 327
29454 316
29471 296
29487 274
29504 251
29520 234
29536 217
29553 197
29569 184
29586 172
29602 158
29618 147
29635 143
29651 132
29668 130
29684 124
29700 128
29717 127
29733 126
29749 131
29766 83
29782 127
29799 134
29815 141
29831 140
29848 140
29864 146
29881 151
29897 152
29913 163
29930 160
29946 166
29963 179
29979 179
29995 180
30012 190
30028 195
30045 207
30061 210
30077 218
30094 229
30110 235
30127 243
30143 257
30159 268
30176 275
30192 305
30209 304
30225 311
30241 304
30258 342
30274 356
30290 354
30307 383
30323 400
30340 420
30356 433
30372 451
30389 472
30405 486
30422 505
30438 530
30454 544
30471 564
30487 588
30504 605
30520 625
30536 648
30553 668
30569 696
30586 716
30602 745
30618 766
30635 792
30651 820
30668 849
30684 868
30700 893
30717 917
30733 951
30749 976
30766 979
30782 1035
30799 1062
30815 1092
30831 1122
30848 1148
30864 1177
30881 1212
30897 1241
30913 1271
30930 1304
30946 1335
30963 1374
30979 1398
30995 1429
31012 1463
31028 1498
31045 1530
31061 1564
31077 1595
31094 1629
31110 1665
31127 1695
31143 1728
31159 1765
31176 1799
31192 1834
31209 1869
31225 1904
31241 1933
31258 1969
31274 2005
31290 2045
31307 2074
31323 2107
31340 2147
31356 2177
31372 2213
31389 2246
31405 2285
31422 2316
31438 2353
31454 2385
31471 2420
31487 2453
31504 2487
31520 2524
31536 2554
31553 2589
31569 2625
31586 2657
31602 2688
31618 2720
31635 2754
31651 2783
31668 2813
31684 2849
31700 2878
31717 2907
31733 2941
31749 2971
31766 2989
31782 3029
31799 3061
31815 3086
31831 3116
31848 3142
31864 3179
31881 3196
31897 3226
31913 3243
31930 3275
31946 3300
31963 3318
31979 3348
31995 3368
32012 3394
32028 3417
32045 3435
32061 3453
32077 3477
32094 3496
32110 3512
32127 3532
32143 3550
32159 3566
32176 3581
32192 3598
32209 3611
32225 3623
32241 3652
32258 3649
32274 3661
32290 3677
32307 3683
32323 3692
32340 3703
32356 3710
32372 3720
32389 3723
32405 3730
32422 3739
32438 3746
32454 3749
32471 3754
32487 3756
32504 3763
32520 3763
32536 3768
32553 3769
32569 3772
32586 3771
32602 3775
32618 3771
32635 3775
32651 3773
32668 3769
32684 3772
32700 3770
32717 3761
32733 3764
32749 3764
32766 3758
32782 3752
32799 3750
32815 3847
32831 3742
32848 3735
32864 3729
32881 3726
32897 3719
32913 3724
32930 3709
32946 3696
32963 3687
32979 3681
32995 3676
33012 3662
33028 3654
33045 3647
33061 3635
33077 3624
33094 3611
33110 3606
33127 3590
33143 3579
33159 3570
33176 3554
33192 3526
33209 3526
33225 3511
33241 3515
33258 3481
33274 3470
33290 3451
33307 3437
33323 3423
33340 3414
33356 3388
33372 3368
33389 3356
33405 3336
33422 3316
33438 3298
33454 3282
33471 3260
33487 3240
33504 3225
33520 3206
33536 3180
33553 3162
33569 3138
33586 3117
33602 3096
33618 3074
33635 3052
33651 3029
33668 3009
33684 2980
33700 2963
33717 2958
33733 2915
33749 2891
33766 2831
33782 2837
33799 2814
33815 2836
33831 2766
33848 2739
33864 2712
33881 2687
33897 2659
33913 2626
33930 2606
33946 2578
33963 2556
33979 2524
33995 2494
34012 2471
34028 2440
34045 2410
34061 2384
34077 2355
34094 2328
34110 2298
34127 2273
34143 2239
34159 2212
34176 2184
34192 2128
34209 2122
34225 2089
34241 2042
34258 2031
34274 2000
34290 1977
34307 1946
34323 1914
34340 1892
34356 1854
34372 1822
34389 1794
34405 1764
34422 1731
34438 1706
34454 1674
34471 1644
34487 1613
34504 1581
34520 1553
34536 1522
34553 1492
34569 1461
34586 1434
34602 1404
34618 1373
34635 1346
34651 1315
34668 1282
34684 1255
34700 1225
34717 1180
34733 1164
34749 1135
34766 1163
34782 1077
34799 1052
34815 1046
34831 993
34848 964
34864 932
34881 913
34897 882
34913 854
34930 828
34946 797
34963 784
34979 747
34995 721
35012 694
35028 671
35045 647
35061 617
35077 596
35094 573
35110 548
35127 521
35143 499
35159 474
35176 450
35192 416
35209 412
35225 387
35241 388
35258 341
35274 323
35290 299
35307 282
35323 263
35340 248
35356 224
35372 204
35389 197
35405 179
35422 166
35438 163
35454 146
35471 143
35487 136
35504 130
35520 128
35536 127
35553 131
35569 130
35586 127
35602 131
35618 135
35635 137
35651 135
35668 143
35684 148
35700 150
35717 141
35733 161
35749 158
35766 207
35782 172
35799 176
35815 185
35831 186
35848 198
35864 201
35881 207
35897 217
35913 230
35930 233
35946 240
35963 247
35979 261
35995 271
36012 286
36028 296
36045 310
36061 321
36077 336
36094 349
36110 363
36127 375
36143 396
36159 407
36176 422
36192 441
36209 461
36225 476
36241 484
36258 519
36274 530
36290 561
36307 579
36323 596
36340 620
36356 639
36372 667
36389 688
36405 704
36422 732
36438 756
36454 778
36471 808
36487 836
36504 857
36520 883
36536 913
36553 937
36569 965
36586 992
36602 1024
36618 1049
36635 1075
36651 1109
36668 1139
36684 1165
36700 1198
36717 1224
36733 1257
36749 1289
36766 1286
36782 1351
36799 1382
36815 1330
36831 1449
36848 1478
36864 1513
36881 1546
36897 1578
36913 1610
36930 1648
36946 1683
36963 1710
36979 1747
36995 1778
37012 1816
37028 1848
37045 1884
37061 1919
37077 1949
37094 1985
37110 2023
37127 2057
37143 2091
37159 2125
37176 2161
37192 2193
37209 2229
37225 2264
37241 2287
37258 2331
37274 2365
37290 2433
37307 2434
37323 2468
37340 2504
37356 2536
37372 2567
37389 2609
37405 2638
37422 2667
37438 2695
37454 2735
37471 2767
37487 2793
37504 2829
37520 2861
37536 2890
37553 2921
37569 2956
37586 2988
37602 3010
37618 3040
37635 3072
37651 3096
37668 3127
37684 3157
37700 3179
37717 3204
37733 3233
37749 3262
37766 3267
37782 3308
37799 3331
37815 3315
37831 3375
37848 3399
37864 3421
37881 3441
37897 3461
37913 3487
37930 3497
37946 3520
37963 3542
37979 3552
37995 3563
38012 3583
38028 3598
38045 3608
38061 3623
38077 3638
38094 3650
38110 3663
38127 3674
38143 3683
38159 3691
38176 3698
38192 3711
38209 3712
38225 3721
38241 3735
38258 3736
38274 3740
38290 3776
38307 3754
38323 3754
38340 3758
38356 3759
38372 3764
38389 3764
38405 3759
38422 3768
38438 3771
38454 3767
38471 3767
38487 3767
38504 3767
38520 3765
38536 3759
38553 3759
38569 3754
38586 3753
38602 3749
38618 3747
38635 3741
38651 3737
38668 3733
38684 3727
38700 3721
38717 3691
38733 3708
38749 3702
38766 3719
38782 3687
38799 3680
38815 3665
38831 3660
38848 3653
38864 3635
38881 3633
38897 3623
38913 3612
38930 3599
38946 3589
38963 3586
38979 3563
38995 3549
39012 3538
39028 3524
39045 3509
39061 3496
39077 3481
39094 3465
39110 3452
39127 3436
39143 3420
39159 3404
39176 3386
39192 3370
39209 3352
39225 3332
39241 3304
39258 3296
39274 3281
39290 3226
39307 3240
39323 3220
39340 3199
39356 3180
39372 3158
39389 3140
39405 3117
39422 3095
39438 3074
39454 3049
39471 3026
39487 3012
39504 2979
39520 2956
39536 2935
39553 2908
39569 2883
39586 2858
39602 2831
39618 2813
39635 2783
39651 2758
39668 2736
39684 2709
39700 2680
39717 2610
39733 2626
39749 2600
39766 2611
39782 2543
39799 2520
39815 2476
39831 2464
39848 2436
39864 2408
39881 2382
39897 2348
39913 2315
39930 2289
39946 2260
39963 2226
39979 2205
39995 2173
40012 2147
40028 2116
40045 2084
40061 2054
40077 2026
40094 1997
40110 1962
40127 1932
40143 1904
40159 1877
40176 1841
40192 1809
40209 1785
40225 1750
40241 1712
40258 1691
40274 1662
40290 1598
40307 1599
40323 1571
40340 1537
40356 1509
40372 1479
40389 1447
40405 1417
40422 1385
40438 1359
40454 1325
40471 1296
40487 1271
40504 1240
40520 1206
40536 1176
40553 1149
40569 1119
40586 1089
40602 1062
40618 1036
40635 1003
40651 975
40668 946
40684 917
40700 889
40717 827
40733 835
40749 806
40766 744
40782 756
40799 727
40815 705
40831 676
40848 649
40864 622
40881 596
40897 575
40913 553
40930 523
40946 500
40963 479
40979 451
40995 427
41012 409
41028 381
41045 360
41061 340
41077 318
41094 296
41110 275
41127 255
41143 235
41159 216
41176 204
41192 185
41209 170
41225 160
41241 149
41258 138
41274 136
41290 117
41307 128
41323 126
41340 132
41356 127
41372 123
41389 131
41405 131
41422 135
41438 137
41454 137
41471 140
41487 144
41504 148
41520 151
41536 159
41553 159
41569 168
41586 173
41602 177
41618 179
41635 190
41651 196
41668 201
41684 206
41700 219
41717 241
41733 232
41749 246
41766 243
41782 262
41799 274
41815 290
41831 294
41848 305
41864 325
41881 334
41897 350
41913 356
41930 382
41946 395
41963 406
41979 429
41995 446
42012 460
42028 479
42045 498
42061 517
42077 536
42094 562
42110 576
42127 597
42143 621
42159 643
42176 665
42192 683
42209 713
42225 732
42241 737
42258 781
42274 810
42290 842
42307 861
42323 888
42340 838
42356 940
42372 967
42389 996
42405 1017
42422 1052
42438 1071
42454 1107
42471 1139
42487 1167
42504 1204
42520 1225
42536 1260
42553 1294
42569 1322
42586 1352
42602 1383
42618 1420
42635 1447
42651 1484
42668 1517
42684 1547
42700 1583
42717 1657
42733 1649
42749 1677
42766 1721
42782 1749
42799 1783
42815 1816
42831 1852
42848 1887
42864 1913
42881 1954
42897 1987
42913 2023
42930 2057
42946 2094
42963 2127
42979 2161
42995 2195
43012 2231
43028 2264
43045 2297
43061 2332
43077 2370
43094 2401
43110 2435
43127 2471
43143 2504
43159 2534
43176 2569
43192 2602
43209 2637
43225 2667
43241 2709
43258 2732
43274 2765
43290 2778
43307 2832
43323 2861
43340 2865
43356 2921
43372 2952
43389 2979
43405 3009
43422 3039
43438 3067
43454 3094
43471 3126
43487 3157
43504 3177
43520 3205
43536 3232
43553 3255
43569 3280
43586 3304
43602 3326
43618 3350
43635 3371
43651 3397
43668 3415
43684 3437
43700 3455
43717 3452
43733 3493
43749 3512
43766 3516
43782 3545
43799 3562
43815 3570
43831 3592
43848 3604
43864 3617
43881 3632
43897 3646
43913 3658
43930 3668
43946 3678
43963 3687
43979 3695
43995 3702
44012 3711
44028 3718
44045 3724
44061 3729
44077 3733
44094 3739
44110 3744
44127 3747
44143 3751
44159 3752
44176 3756
44192 3758
44209 3762
44225 3762
44241 3765
44258 3766
44274 3764
44290 3812
44307 3760
44323 3761
44340 3805
44356 3751
44372 3754
44389 3751
44405 3745
44422 3747
44438 3739
44454 3732
44471 3737
44487 3728
44504 3718
44520 3709
44536 3704
44553 3699
44569 3690
44586 3681
44602 3675
44618 3664
44635 3657
44651 3646
44668 3639
44684 3628
44700 3615
44717 3608
44733 3595
44749 3581
44766 3577
44782 3556
44799 3546
44815 3523
44831 3519
44848 3506
44864 3491
44881 3473
44897 3462
44913 3446
44930 3429
44946 3411
44963 3394
44979 3378
44995 3362
45012 3346
45028 3327
45045 3309
45061 3289
45077 3271
45094 3253
45110 3232
45127 3209
45143 3192
45159 3171
45176 3151
45192 3131
45209 3109
45225 3086
45241 3075
45258 3043
45274 3015
45290 3038
45307 2974
45323 2949
45340 2904
45356 2898
45372 2878
45389 2852
45405 2827
45422 2804
45438 2781
45454 2749
45471 2725
45487 2699
45504 2669
45520 2644
45536 2621
45553 2592
45569 2564
45586 2538
45602 2511
45618 2481
45635 2454
45651 2421
45668 2397
45684 2367
45700 2340
45717 2300
45733 2277
45749 2255
45766 2211
45782 2192
45799 2163
45815 2149
45831 2106
45848 2076
45864 2042
45881 2016
45897 1983
45913 1946
45930 1927
45946 1897
45963 1873
45979 1833
45995 1806
46012 1772
46028 1743
46045 1712
46061 1681
46077 1649
46094 1624
46110 1594
46127 1556
46143 1530
46159 1500
46176 1467
46192 1439
46209 1409
46225 1378
46241 1383
46258 1314
46274 1292
46290 1284
46307 1228
46323 1202
46340 1246
46356 1139
46372 1111
46389 1083
46405 1053
46422 1023
46438 995
46454 964
46471 938
46487 910
46504 883
46520 851
46536 827
46553 800
46569 776
46586 746
46602 720
46618 693
46635 665
46651 642
46668 614
46684 585
46700 563
46717 547
46733 517
46749 494
46766 504
46782 447
46799 422
46815 417
46831 377
46848 358
46864 330
46881 310
46897 295
46913 262
46930 250
46946 232
46963 225
46979 197
46995 182
47012 170
47028 155
47045 146
47061 139
47077 131
47094 131
47110 128
47127 131
47143 122
47159 124
47176 127
47192 127
47209 129
47225 131
47241 103
47258 138
47274 140
47290 144
47307 146
47323 152
47340 219
47356 166
47372 168
47389 179
47405 178
47422 181
47438 187
47454 196
47471 207
47487 218
47504 219
47520 229
47536 235
47553 243
47569 256
47586 264
47602 277
47618 288
47635 303
47651 314
47668 324
47684 343
47700 355
47717 365
47733 383
47749 398
47766 447
47782 429
47799 448
47815 458
47831 485
47848 505
47864 524
47881 543
47897 564
47913 584
47930 606
47946 625
47963 645
47979 672
47995 694
48012 719
48028 742
48045 769
48061 788
48077 817
48094 845
48110 869
48127 896
48143 920
48159 951
48176 976
48192 1004
48209 1034
48225 1059
48241 1029
48258 1121
48274 1150
48290 1197
48307 1210
48323 1242
48340 1230
48356 1303
48372 1334
48389 1364
48405 1396
48422 1428
48438 1458
48454 1491
48471 1529
48487 1567
48504 1596
48520 1630
48536 1661
48553 1696
48569 1728
48586 1760
48602 1798
48618 1832
48635 1867
48651 1901
48668 1935
48684 1973
48700 2001
48717 2038
48733 2075
48749 2106
48766 2118
48782 2176
48799 2213
48815 2236
48831 2281
48848 2317
48864 2346
48881 2383
48897 2420
48913 2451
48930 2486
48946 2521
48963 2553
48979 2584
48995 2619
49012 2655
49028 2686
49045 2721
49061 2753
49077 2788
49094 2813
49110 2846
49127 2877
49143 2910
49159 2937
49176 2971
49192 2999
49209 3029
49225 3057
49241 3032
49258 3113
49274 3142
49290 3198
49307 3197
49323 3220
49340 3254
49356 3273
49372 3299
49389 3319
49405 3345
49422 3369
49438 3394
49454 3411
49471 3436
49487 3453
49504 3471
49520 3492
49536 3513
49553 3528
49569 3546
49586 3564
49602 3578
49618 3592
49635 3610
49651 3622
49668 3635
49684 3648
49700 3661
49717 3670
49733 3678
49749 3690
49766 3704
49782 3709
49799 3718
49815 3689
49831 3731
49848 3737
49864 3744
49881 3747
49897 3750
49913 3748
49930 3760
49946 3759
49963 3766
49979 3768
49995 3769
50012 3769
50028 3772
50045 3772
50061 3770
50077 3770
50094 3771
50110 3767
50127 3764
50143 3767
50159 3764
50176 3760
50192 3756
50209 3755
50225 3749
50241 3747
50258 3742
50274 3737
50290 3748
50307 3721
50323 3719
50340 3708
50356 3704
50372 3697
50389 3690
50405 3675
50422 3672
50438 3655
50454 3654
50471 3642
50487 3635
50504 3623
50520 3607
50536 3600
50553 3588
50569 3582
50586 3566
50602 3553
50618 3541
50635 3519
50651 3508
50668 3497
50684 3479
50700 3468
50717 3451
50733 3436
50749 3419
50766 3417
50782 3385
50799 3371
50815 3390
50831 3331
50848 3312
50864 3286
50881 3275
50897 3258
50913 3230
50930 3217
50946 3197
50963 3180
50979 3157
50995 3136
51012 3116
51028 3092
51045 3069
51061 3048
51077 3027
51094 3001
51110 2979
51127 2955
51143 2932
51159 2907
51176 2886
51192 2862
51209 2834
51225 2807
51241 2762
51258 2754
51274 2732
51290 2694
51307 2683
51323 2650
51340 2629
51356 2603
51372 2580
51389 2549
51405 2521
51422 2490
51438 2466
51454 2435
51471 2408
51487 2376
51504 2350
51520 2325
51536 2294
51553 2263
51569 2235
51586 2207
51602 2179
51618 2150
51635 2119
51651 2085
51668 2056
51684 2026
51700 2000
51717 1971
51733 1939
51749 1912
51766 1885
51782 1850
51799 1818
51815 1821
51831 1758
51848 1726
51864 1706
51881 1666
51897 1636
51913 1607
51930 1574
51946 1543
51963 1514
51979 1488
51995 1455
52012 1424
52028 1397
52045 1366
52061 1333
52077 1309
52094 1280
52110 1247
52127 1217
52143 1187
52159 1154
52176 1129
52192 1103
52209 1071
52225 1043
52241 981
52258 989
52274 956
52290 952
52307 907
52323 876
52340 854
52356 822
52372 797
52389 762
52405 743
52422 717
52438 695
52454 664
52471 639
52487 616
52504 593
52520 565
52536 542
52553 517
52569 495
52586 472
52602 450
52618 421
52635 403
52651 384
52668 360
52684 337
52700 321
52717 302
52733 280
52749 256
52766 236
52782 220
52799 205
52815 204
52831 179
52848 161
52864 94
52881 149
52897 137
52913 132
52930 133
52946 131
52963 128
52979 127
52995 129
53012 131
53028 130
53045 136
53061 136
53077 140
53094 139
53110 148
53127 148
53143 152
53159 157
53176 162
53192 166
53209 172
53225 178
53241 137
53258 185
53274 197
53290 199
53307 210
53323 218
53340 223
53356 234
53372 242
53389 249
53405 262
53422 277
53438 284
53454 300
53471 313
53487 323
53504 342
53520 350
53536 365
53553 379
53569 396
53586 411
53602 432
53618 448
53635 466
53651 481
53668 505
53684 520
53700 540
53717 560
53733 583
53749 601
53766 592
53782 647
53799 670
53815 674
53831 715
53848 743
53864 737
53881 788
53897 814
53913 839
53930 865
53946 890
53963 924
53979 943
53995 972
54012 1003
54028 1029
54045 1057
54061 1090
54077 1119
54094 1145
54110 1177
54127 1205
54143 1236
54159 1269
54176 1300
54192 1331
54209 1361
54225 1395
54241 1467
54258 1460
54274 1490
54290 1537
54307 1556
54323 1589
54340 1632
54356 1658
54372 1692
54389 1720
54405 1759
54422 1794
54438 1829
54454 1863
54471 1898
54487 1929
54504 1965
54520 2002
54536 2035
54553 2069
54569 2104
54586 2142
54602 2173
54618 2202
54635 2245
54651 2286
54668 2312
54684 2347
54700 2384
54717 2413
54733 2447
54749 2484
54766 2530
54782 2550
54799 2585
54815 2607
54831 2650
54848 2683
54864 2718
54881 2748
54897 2781
54913 2810
54930 2845
54946 2872
54963 2907
54979 2939
54995 2967
55012 2997
55028 3028
55045 3056
55061 3084
55077 3111
55094 3139
55110 3166
55127 3188
55143 3219
55159 3248
55176 3273
55192 3295
55209 3321
55225 3343
55241 3349
55258 3390
55274 3411
55290 3420
55307 3451
55323 3478
55340 3495
55356 3508
55372 3531
55389 3547
55405 3562
55422 3579
55438 3595
55454 3605
55471 3620
55487 3722
55504 3648
55520 3658
55536 3672
55553 3679
55569 3692
55586 3702
55602 3710
55618 3717
55635 3721
55651 3729
55668 3738
55684 3742
55700 3748
55717 3752
55733 3754
55749 3757
55766 3759
55782 3765
55799 3767
55815 3813
55831 3772
55848 3768
55864 3770
55881 3772
55897 3773
55913 3767
55930 3771
55946 3768
55963 3762
55979 3765
55995 3761
56012 3761
56028 3752
56045 3751
56061 3747
56077 3739
56094 3735
56110 3733
56127 3722
56143 3718
56159 3712
56176 3706
56192 3698
56209 3688
56225 3681
56241 3663
56258 3661
56274 3654
56290 3554
56307 3633
56323 3624
56340 3639
56356 3599
56372 3590
56389 3578
56405 3567
56422 3550
56438 3546
56454 3525
56471 3513
56487 3502
56504 3486
56520 3468
56536 3451
56553 3437
56569 3422
56586 3403
56602 3383
56618 3372
56635 3351
56651 3332
56668 3317
56684 3300
56700 3277
56717 3259
56733 3243
56749 3219
56766 3221
56782 3178
56799 3159
56815 3100
56831 3119
56848 3096
56864 3112
56881 3048
56897 3029
56913 3001
56930 2981
56946 2956
56963 2934
56979 2907
56995 2880
57012 2860
57028 2833
57045 2811
57061 2786
57077 2760
57094 2731
57110 2713
57127 2682
57143 2658
57159 2627
57176 2600
57192 2575
57209 2549
57225 2518
57241 2485
57258 2463
57274 2440
57290 2431
57307 2381
57323 2355
57340 2287
57356 2294
57372 2264
57389 2238
57405 2206
57422 2173
57438 2151
57454 2120
57471 2088
57487 2060
57504 2032
57520 1996
57536 1960
57553 1937
57569 1908
57586 1877
57602 1848
57618 1819
57635 1790
57651 1756
57668 1730
57684 1696
57700 1666
57717 1637
57733 1604
57749 1573
57766 1574
57782 1517
57799 1484
57815 1489
57831 1426
57848 1395
57864 1367
57881 1333
57897 1305
57913 1270
57930 1243
57946 1213
57963 1192
57979 1151
57995 1126
58012 1101
58028 1068
58045 1042
58061 1014
58077 985
58094 957
58110 930
58127 902
58143 872
58159 845
58176 818
58192 791
58209 764
58225 737
58241 713
58258 688
58274 662
58290 635
58307 610
58323 586
58340 523
58356 537
58372 512
58389 487
58405 460
58422 440
58438 