2 1144
55 1165
71 1185
88 1214
104 1229
121 1253
137 1274
153 1293
170 1319
186 1345
203 1362
219 1387
235 1410
252 1433
268 1454
285 1479
301 1499
317 1521
334 1539
350 1569
366 1588
383 1614
399 1635
416 1658
432 1677
448 1702
465 1749
481 1746
498 1769
514 1782
530 1815
547 1834
563 1851
580 1878
596 1900
612 1920
629 1941
645 1964
662 1991
678 2001
694 2024
711 2044
727 2061
744 2085
760 2104
776 2122
793 2139
809 2163
825 2179
842 2195
858 2216
875 2236
891 2268
907 2268
924 2288
940 2303
957 2319
973 2334
991 2335
1007 2371
1023 2386
1040 2358
1056 2413
1073 2430
1089 2441
1105 2456
1122 2469
1138 2487
1154 2494
1171 2507
1187 2518
1204 2528
1220 2541
1236 2562
1253 2565
1269 2575
1286 2582
1302 2594
1318 2600
1335 2608
1351 2619
1368 2628
1384 2633
1400 2641
1417 2649
1433 2655
1450 2659
1466 2619
1482 2671
1499 2673
1515 2702
1532 2685
1548 2687
1564 2694
1581 2696
1597 2696
1613 2691
1630 2695
1646 2703
1663 2691
1679 2700
1695 2701
1712 2697
1728 2695
1745 2696
1761 2694
1777 2691
1794 2689
1810 2688
1827 2681
1843 2676
1859 2676
1876 2668
1892 2657
1909 2658
1925 2650
1941 2642
1958 2638
1974 2629
1997 2617
2013 2614
2029 2604
2046 2592
2062 2581
2079 2571
2095 2562
2111 2539
2128 2537
2144 2530
2161 2513
2177 2504
2193 2492
2210 2479
2226 2459
2243 2449
2259 2436
2275 2417
2292 2405
2308 2388
2325 2372
2341 2423
2357 2341
2374 2323
2390 2265
2406 2287
2423 2269
2439 2248
2456 2230
2472 2211
2488 2199
2505 2173
2521 2150
2538 2132
2554 2109
2570 2089
2587 2077
2603 2045
2620 2023
2636 2002
2652 1982
2669 1953
2685 1930
2702 1911
2718 1890
2734 1860
2751 1836
2767 1814
2784 1785
2800 1760
2816 1742
2833 1714
2849 1685
2865 1664
2882 1636
2898 1605
2915 1543
2931 1555
2947 1527
2964 1499
2980 1469
2998 1444
3014 1411
3031 1389
3047 1358
3063 1329
3080 1304
3096 1275
3113 1245
3129 1218
3145 1189
3162 1149
3178 1129
3194 1100
3211 1073
3227 1044
3244 1012
3260 985
3276 952
3293 921
3309 897
3326 869
3342 837
3358 802
3375 779
3391 757
3408 716
3424 690
3440 624
3457 626
3473 599
3490 520
3506 540
3522 509
3539 485
3555 455
3572 423
3588 398
3604 366
3621 334
3637 317
3653 281
3670 254
3686 231
3703 200
3719 179
3735 148
3752 133
3768 125
3785 115
3801 109
3817 106
3834 103
3850 103
3867 100
3883 101
3899 107
3916 139
3932 108
3949 111
3965 111
3981 117
3999 114
4015 122
4032 127
4048 129
4064 135
4081 132
4097 136
4114 142
4130 141
4146 150
4163 157
4179 153
4196 158
4212 155
4228 167
4245 171
4261 176
4278 181
4294 184
4310 191
4327 201
4343 204
4360 209
4376 217
4392 227
4409 231
4425 239
4441 249
4458 256
4474 264
4491 294
4507 283
4523 291
4540 339
4556 311
4573 320
4589 362
4605 343
4622 354
4638 367
4655 381
4671 390
4687 409
4704 418
4720 433
4737 453
4753 457
4769 475
4786 485
4802 501
4819 516
4835 532
4851 549
4868 564
4884 586
4900 601
4917 614
4933 631
4950 652
4966 666
4984 693
5001 706
5017 723
5033 743
5050 765
5066 779
5083 799
5099 821
5115 827
5132 860
5148 884
5164 890
5181 919
5197 943
5214 960
5230 982
5246 1007
5263 1014
5279 1046
5296 1069
5312 1080
5328 1108
5345 1131
5361 1146
5378 1176
5394 1199
5410 1220
5427 1241
5443 1266
5460 1287
5476 1308
5492 1329
5509 1352
5525 1377
5542 1399
5558 1418
5574 1445
5591 1464
5607 1488
5623 1513
5640 1541
5656 1551
5673 1579
5689 1613
5705 1624
5722 1646
5738 1668
5755 1689
5771 1711
5787 1731
5804 1757
5820 1771
5837 1800
5853 1820
5869 1842
5886 1864
5902 1884
5919 1908
5935 1926
5951 1945
5968 1968
5986 1987
6002 2010
6019 2030
6035 2050
6052 2069
6068 2090
6084 2110
6101 2127
6117 2144
6134 2164
6150 2184
6166 2199
6183 2218
6199 2237
6216 2228
6232 2268
6248 2288
6265 2328
6281 2319
6297 2333
6314 2391
6330 2365
6347 2380
6363 2394
6379 2409
6396 2421
6412 2433
6429 2451
6445 2459
6461 2480
6478 2489
6494 2500
6511 2510
6527 2521
6543 2536
6560 2544
6576 2553
6593 2566
6609 2574
6625 2583
6642 2592
6658 2602
6675 2607
6691 2649
6707 2623
6724 2630
6740 2660
6756 2640
6773 2644
6789 2649
6806 2656
6822 2660
6838 2669
6855 2667
6871 2670
6888 2673
6904 2673
6920 2676
6937 2679
6953 2680
6970 2679
6987 2686
7004 2680
7020 2677
7036 2673
7053 2670
7069 2673
7085 2674
7102 2669
7118 2664
7135 2664
7151 2658
7167 2653
7184 2646
7200 2644
7217 2636
7233 2630
7249 2625
7266 2587
7282 2607
7299 2601
7315 2596
7331 2583
7348 2574
7364 2553
7381 2558
7397 2542
7413 2535
7430 2527
7446 2510
7463 2494
7479 2488
7495 2478
7512 2461
7528 2447
7544 2435
7561 2417
7577 2402
7594 2392
7610 2376
7626 2358
7643 2342
7659 2328
7676 2308
7692 2291
7708 2273
7725 2256
7741 2227
7758 2220
7774 2200
7790 2184
7807 2159
7823 2144
7840 2083
7856 2102
7872 2076
7889 2058
7905 2034
7922 2016
7938 1995
7954 1968
7971 1942
7991 1916
8007 1892
8024 1868
8040 1835
8057 1819
8073 1795
8089 1775
8106 1752
8122 1720
8138 1699
8155 1671
8171 1646
8188 1618
8204 1591
8220 1567
8237 1545
8253 1513
8270 1487
8286 1458
8302 1430
8319 1403
8335 1377
8352 1348
8368 1316
8384 1291
8401 1260
8417 1232
8434 1204
8450 1178
8466 1146
8483 1118
8499 1091
8516 1068
8532 1031
8548 999
8565 1025
8581 943
8597 913
8614 882
8630 854
8647 827
8663 798
8679 769
8696 738
8712 706
8729 681
8745 649
8761 622
8778 590
8794 560
8811 531
8827 499
8843 474
8860 446
8876 410
8893 386
8909 357
8925 328
8942 297
8958 271
8975 241
8992 211
9008 191
9025 164
9041 146
9058 133
9074 119
9090 138
9107 108
9123 102
9140 74
9156 99
9172 107
9189 46
9205 103
9222 110
9238 112
9254 108
9271 113
9287 111
9304 115
9320 120
9336 131
9353 128
9369 128
9385 131
9402 137
9418 139
9435 145
9451 148
9467 155
9484 155
9500 159
9517 168
9533 170
9549 172
9566 194
9582 184
9599 188
9615 221
9631 199
9648 204
9664 205
9681 222
9697 230
9713 239
9730 240
9746 250
9763 255
9779 264
9795 274
9812 288
9828 290
9844 302
9861 315
9877 325
9894 331
9910 345
9926 359
9943 368
9959 381
9976 395
9999 408
10016 515
10032 437
10048 451
10065 445
10081 485
10098 498
10114 494
10130 528
10147 546
10163 564
10179 576
10196 591
10212 606
10229 621
10245 643
10261 651
10278 677
10294 695
10311 715
10327 731
10343 749
10360 772
10376 788
10393 806
10409 829
10425 847
10442 867
10458 888
10475 909
10491 927
10507 949
10524 972
10540 1013
10557 1010
10573 1033
10589 1040
10606 1073
10622 1094
10638 1115
10655 1138
10671 1160
10688 1186
10704 1207
10720 1227
10737 1249
10753 1273
10770 1292
10786 1312
10802 1336
10819 1360
10835 1381
10852 1404
10868 1429
10884 1448
10901 1470
10917 1496
10934 1519
10950 1538
10966 1562
10984 1589
11000 1606
11017 1633
11033 1652
11049 1671
11066 1692
11082 1721
11099 1738
11115 1752
11131 1785
11148 1804
11164 1792
11181 1847
11197 1872
11213 1893
11230 1909
11246 1934
11263 1960
11279 1973
11295 1994
11312 2011
11328 2029
11345 2052
11361 2066
11377 2090
11394 2106
11410 2130
11426 2146
11443 2166
11459 2185
11476 2199
11492 2215
11508 2233
11525 2252
11541 2271
11558 2287
11574 2300
11590 2289
11607 2333
11623 2351
11640 2346
11656 2379
11672 2394
11689 2501
11705 2420
11722 2433
11738 2449
11754 2459
11771 2471
11787 2483
11804 2496
11820 2506
11836 2518
11853 2528
11869 2541
11885 2550
11902 2557
11918 2568
11935 2577
11951 2587
11967 2595
11985 2601
12001 2609
12018 2615
12034 2624
12051 2629
12067 2634
12083 2638
12100 2644
12116 2653
12133 2648
12149 2654
12165 2659
12182 2661
12198 2658
12214 2621
12231 2669
12247 2668
12264 2714
12280 2668
12296 2672
12313 2667
12329 2669
12346 2667
12362 2668
12378 2662
12395 2662
12411 2654
12428 2654
12444 2650
12460 2649
12477 2640
12493 2635
12510 2632
12526 2627
12542 2617
12559 2612
12575 2605
12592 2596
12608 2587
12624 2583
12641 2566
12657 2564
12673 2551
12690 2540
12706 2530
12723 2520
12739 2513
12755 2497
12772 2488
12788 2487
12805 2461
12821 2449
12837 2433
12854 2420
12870 2406
12887 2391
12903 2374
12919 2360
12936 2344
12952 2328
12969 2311
12987 2296
13004 2277
13020 2257
13037 2237
13053 2222
13069 2204
13086 2182
13102 2163
13119 2144
13135 2126
13151 2103
13168 2083
13184 2062
13200 2039
13217 2020
13233 1999
13250 1974
13266 1951
13282 1928
13299 1907
13315 1876
13332 1856
13348 1836
13364 1859
13381 1787
13397 1764
13414 1656
13430 1711
13446 1686
13463 1660
13479 1636
13496 1607
13512 1590
13528 1560
13545 1531
13561 1512
13578 1477
13594 1451
13610 1421
13627 1395
13643 1372
13659 1337
13676 1313
13692 1285
13709 1257
13725 1227
13741 1197
13758 1173
13774 1146
13791 1109
13807 1085
13823 1058
13840 1028
13856 998
13873 968
13889 945
13905 914
13922 883
13938 850
13955 822
13971 799
13988 782
14005 734
14021 704
14038 677
14054 646
14070 616
14087 578
14103 559
14120 526
14136 508
14152 472
14169 441
14185 412
14202 390
14218 355
14234 327
14251 300
14267 273
14284 246
14300 217
14316 196
14333 168
14349 150
14366 139
14382 126
14398 117
14415 141
14431 108
14447 103
14464 104
14480 105
14497 109
14513 109
14529 109
14546 110
14562 111
14579 111
14595 118
14611 126
14628 120
14644 122
14661 128
14677 125
14693 132
14710 140
14726 143
14743 145
14759 148
14775 149
14792 156
14808 159
14825 165
14841 169
14857 174
14874 177
14890 188
14906 192
14923 197
14939 203
14956 209
14972 210
14993 224
15010 228
15026 235
15042 246
15059 253
15075 259
15092 268
15108 279
15124 288
15141 301
15157 305
15174 317
15190 349
15206 340
15223 352
15239 399
15255 375
15272 389
15288 408
15305 413
15321 424
15337 439
15354 455
15370 467
15387 482
15403 497
15419 513
15436 519
15452 543
15469 559
15485 575
15501 592
15518 610
15534 626
15551 644
15567 659
15583 684
15600 700
15616 714
15633 734
15649 753
15665 743
15682 790
15698 813
15714 863
15731 847
15747 867
15764 938
15780 909
15796 928
15813 947
15829 960
15846 988
15862 1014
15878 1033
15895 1056
15911 1078
15928 1098
15944 1118
15960 1142
15977 1165
15994 1189
16011 1209
16027 1230
16043 1256
16060 1280
16076 1300
16093 1322
16109 1345
16125 1370
16142 1389
16158 1412
16175 1435
16191 1460
16207 1478
16224 1501
16240 1524
16257 1552
16273 1568
16289 1564
16306 1617
16322 1636
16339 1673
16355 1683
16371 1706
16388 1726
16404 1748
16420 1772
16437 1796
16453 1816
16470 1838
16486 1864
16502 1877
16519 1898
16535 1921
16552 1941
16568 1963
16584 1982
16601 2008
16617 2020
16634 2043
16650 2064
16666 2084
16683 2103
16699 2120
16716 2143
16732 2159
16748 2182
16765 2193
16781 2212
16798 2229
16814 2247
16830 2265
16847 2284
16863 2297
16879 2314
16896 2333
16912 2347
16929 2362
16945 2379
16961 2396
16978 2407
16995 2426
17012 2441
17028 2450
17045 2465
17061 2481
17077 2488
17094 2500
17110 2513
17126 2524
17143 2535
17159 2549
17176 2557
17192 2567
17208 2578
17225 2584
17241 2595
17258 2604
17274 2616
17290 2628
17307 2629
17323 2633
17340 2633
17356 2647
17372 2652
17389 2663
17405 2665
17422 2666
17438 2671
17454 2678
17471 2679
17487 2681
17504 2687
17520 2688
17536 2685
17553 2691
17569 2690
17585 2690
17602 2692
17618 2690
17635 2690
17651 2691
17667 2686
17684 2685
17700 2683
17717 2682
17733 2677
17749 2671
17766 2670
17782 2665
17799 2658
17815 2647
17831 2648
17848 2639
17864 2612
17881 2628
17897 2618
17913 2694
17930 2604
17946 2595
17963 2586
17979 2573
17995 2569
18012 2559
18028 2544
18045 2534
18061 2523
18077 2512
18094 2497
18110 2485
18127 2473
18143 2457
18159 2442
18176 2431
18192 2416
18209 2400
18225 2385
18241 2369
18258 2352
18274 2335
18290 2346
18307 2304
18323 2285
18340 2283
18356 2249
18372 2228
18389 2198
18405 2190
18422 2173
18438 2151
18454 2130
18471 2113
18487 2089
18504 2069
18520 2048
18536 2026
18553 2003
18569 1981
18586 1959
18602 1937
18618 1909
18635 1886
18651 1865
18668 1837
18684 1812
18700 1793
18717 1766
18733 1745
18749 1717
18766 1692
18782 1664
18799 1639
18815 1619
18831 1587
18848 1555
18864 1577
18881 1507
18897 1480
18913 1448
18930 1424
18946 1395
18963 1369
18979 1340
18995 1317
19012 1283
19028 1253
19045 1227
19061 1200
19077 1171
19094 1141
19110 1112
19127 1088
19143 1053
19159 1027
19176 999
19192 965
19209 937
19225 912
19241 884
19258 851
19274 819
19290 796
19307 762
19323 733
19340 711
19356 676
19372 642
19389 603
19405 589
19422 560
19438 531
19454 500
19471 470
19487 443
19504 415
19520 386
19536 346
19553 326
19569 297
19586 271
19602 242
19618 215
19635 194
19651 167
19668 150
19684 137
19700 121
19717 116
19733 109
19749 105
19766 102
19782 103
19799 105
19815 103
19831 103
19848 104
19864 139
19881 112
19897 114
19913 143
19930 122
19946 124
19963 125
19979 127
19995 130
20012 135
20028 140
20045 141
20061 136
20077 150
20094 153
20110 160
20127 161
20143 167
20159 164
20176 174
20192 181
20209 183
20225 186
20241 195
20258 196
20274 208
20290 217
20307 217
20323 227
20340 228
20356 241
20372 250
20389 246
20405 270
20422 266
20438 281
20454 291
20471 304
20487 308
20504 327
20520 334
20536 360
20553 359
20569 371
20586 374
20602 397
20618 409
20635 423
20651 437
20668 451
20684 464
20700 481
20717 497
20733 511
20749 525
20766 536
20782 558
20799 574
20815 587
20831 606
20848 623
20864 623
20881 659
20897 674
20913 707
20930 712
20946 732
20963 749
20979 768
20995 789
21012 809
21028 831
21045 844
21061 869
21077 890
21094 910
21110 926
21127 950
21143 973
21159 989
21176 1011
21192 1032
21209 1057
21225 1077
21241 1098
21258 1122
21274 1143
21290 1163
21307 1188
21323 1212
21340 1234
21356 1254
21372 1278
21389 1271
21405 1320
21422 1344
21438 1368
21454 1388
21471 1411
21487 1434
21504 1456
21520 1479
21536 1507
21553 1528
21569 1550
21586 1563
21602 1595
21618 1614
21635 1637
21651 1661
21668 1684
21684 1704
21700 1725
21717 1749
21733 1773
21749 1791
21766 1816
21782 1827
21799 1859
21815 1912
21831 1901
21848 1920
21864 1957
21881 1965
21897 1984
21913 2006
21930 2028
21946 2047
21963 2062
21979 2084
21995 2102
22012 2125
22028 2144
22045 2161
22061 2179
22077 2200
22094 2219
22110 2233
22127 2251
22143 2270
22159 2290
22176 2304
22192 2321
22209 2338
22225 2351
22241 2365
22258 2383
22274 2400
22290 2408
22307 2427
22323 2442
22340 2465
22356 2468
22372 2482
22389 2465
22405 2507
22422 2517
22438 2536
22454 2538
22471 2550
22487 2564
22504 2575
22520 2578
22536 2593
22553 2603
22569 2610
22586 2624
22602 2625
22618 2635
22635 2643
22651 2646
22668 2651
22684 2658
22700 2661
22717 2666
22733 2674
22749 2678
22766 2681
22782 2684
22799 2688
22815 2717
22831 2694
22848 2694
22864 2665
22881 2694
22897 2698
22913 2684
22930 2693
22946 2695
22963 2696
22979 2691
22995 2691
23012 2691
23028 2684
23045 2683
23061 2676
23077 2673
23094 2668
23110 2665
23127 2659
23143 2650
23159 2646
23176 2644
23192 2632
23209 2623
23225 2617
23241 2611
23258 2598
23274 2591
23290 2580
23307 2571
23323 2561
23340 2542
23356 2541
23372 2527
23389 2542
23405 2505
23422 2489
23438 2476
23454 2462
23471 2449
23487 2435
23504 2420
23520 2407
23536 2390
23553 2371
23569 2358
23586 2333
23602 2322
23618 2304
23635 2290
23651 2272
23668 2252
23684 2235
23700 2218
23717 2196
23733 2174
23749 2155
23766 2133
23782 2112
23799 2093
23815 2117
23831 2049
23848 2028
23864 2051
23881 1979
23897 1961
23913 1925
23930 1915
23946 1888
23963 1866
23979 1841
23995 1819
24012 1796
24028 1766
24045 1743
24061 1716
24077 1692
24094 1664
24110 1641
24127 1614
24143 1586
24159 1556
24176 1534
24192 1506
24209 1477
24225 1449
24241 1427
24258 1392
24274 1366
24290 1337
24307 1311
24323 1281
24340 1250
24356 1226
24372 1195
24389 1131
24405 1139
24422 1109
24438 1077
24454 1049
24471 1024
24487 984
24504 961
24520 936
24536 901
24553 869
24569 844
24586 810
24602 784
24618 752
24635 725
24651 697
24668 667
24684 634
24700 608
24717 578
24733 551
24749 517
24766 489
24782 459
24799 430
24815 422
24831 375
24848 347
24864 298
24881 287
24897 260
24913 233
24930 204
24946 179
24963 158
24979 139
24995 128
25012 123
25028 112
25045 104
25061 101
25077 100
25094 104
25110 106
25127 100
25143 102
25159 106
25176 110
25192 109
25209 112
25225 116
25241 123
25258 122
25274 126
25290 128
25307 134
25323 132
25340 137
25356 143
25372 145
25389 155
25405 152
25422 158
25438 160
25454 164
25471 175
25487 171
25504 180
25520 186
25536 199
25553 196
25569 201
25586 208
25602 215
25618 218
25635 230
25651 237
25668 244
25684 252
25700 261
25717 267
25733 282
25749 283
25766 296
25782 307
25799 319
25815 357
25831 338
25848 350
25864 352
25881 374
25897 388
25913 403
25930 415
25946 425
25963 438
25979 451
25995 467
26012 483
26028 498
26045 511
26061 526
26077 544
26094 558
26110 572
26127 591
26143 613
26159 627
26176 643
26192 662
26209 679
26225 695
26241 715
26258 735
26274 750
26290 768
26307 791
26323 812
26340 835
26356 848
26372 870
26389 875
26405 906
26422 930
26438 871
26454 972
26471 990
26487 1011
26504 1033
26520 1054
26536 1088
26553 1099
26569 1118
26586 1140
26602 1165
26618 1185
26635 1208
26651 1230
26668 1249
26684 1272
26700 1298
26717 1321
26733 1340
26749 1364
26766 1386
26782 1407
26799 1435
26815 1421
26831 1476
26848 1498
26864 1519
26881 1542
26897 1567
26913 1585
26930 1609
26946 1635
26963 1657
26979 1677
26995 1698
27012 1720
27028 1745
27045 1767
27061 1788
27077 1807
27094 1832
27110 1852
27127 1871
27143 1897
27159 1915
27176 1936
27192 1957
27209 1977
27225 1996
27241 2018
27258 2035
27274 2056
27290 2075
27307 2097
27323 2114
27340 2141
27356 2153
27372 2170
27389 2234
27405 2208
27422 2222
27438 2299
27454 2257
27471 2274
27487 2292
27504 2306
27520 2320
27536 2337
27553 2354
27569 2371
27586 2380
27602 2399
27618 2414
27635 2428
27651 2440
27668 2451
27684 2467
27700 2478
27717 2488
27733 2503
27749 2512
27766 2522
27782 2537
27799 2548
27815 2552
27831 2567
27848 2576
27864 2590
27881 2593
27897 2598
27913 2605
27930 2615
27946 2622
27963 2628
27979 2635
27995 2638
28012 2645
28028 2648
28045 2653
28061 2646
28077 2663
28094 2663
28110 2667
28127 2670
28143 2674
28159 2672
28176 2677
28192 2674
28209 2675
28225 2676
28241 2675
28258 2671
28274 2672
28290 2669
28307 2669
28323 2665
28340 2657
28356 2659
28372 2659
28389 2617
28405 2647
28422 2641
28438 2604
28454 2628
28471 2626
28487 2616
28504 2607
28520 2603
28536 2594
28553 2583
28569 2579
28586 2561
28602 2556
28618 2546
28635 2535
28651 2525
28668 2517
28684 2506
28700 2491
28717 2475
28733 2468
28749 2454
28766 2437
28782 2423
28799 2409
28815 2388
28831 2377
28848 2363
28864 2342
28881 2330
28897 2315
28913 2294
28930 2280
28946 2260
28963 2243
28979 2224
28995 2206
29012 2191
29028 2168
29045 2144
29061 2120
29077 2107
29094 2089
29110 2063
29127 2043
29143 2022
29159 2001
29176 1976
29192 1953
29209 1931
29225 1910
29241 1887
29258 1863
29274 1837
29290 1813
29307 1790
29323 1765
29340 1749
29356 1713
29372 1690
29389 1627
29405 1635
29422 1611
29438 1585
29454 1556
29471 1531
29487 1504
29504 1479
29520 1448
29536 1421
29553 1396
29569 1366
29586 1342
29602 1311
29618 1284
29635 1255
29651 1226
29668 1201
29684 1170
29700 1139
29717 1111
29733 1081
29749 1050
29766 1027
29782 996
29799 965
29815 930
29831 910
29848 876
29864 839
29881 821
29897 794
29913 731
29930 730
29946 702
29963 672
29979 640
29995 611
30012 592
30028 553
30045 523
30061 502
30077 464
30094 434
30110 411
30127 380
30143 351
30159 320
30176 295
30192 263
30209 236
30225 209
30241 189
30258 160
30274 145
30290 130
30307 118
30323 108
30340 137
30356 104
30372 103
30389 78
30405 104
30422 107
30438 169
30454 107
30471 112
30487 121
30504 112
30520 116
30536 124
30553 120
30569 125
30586 123
30602 128
30618 136
30635 142
30651 140
30668 146
30684 151
30700 152
30717 157
30733 161
30749 165
30766 170
30782 176
30799 176
30815 178
30831 192
30848 192
30864 225
30881 210
30897 212
30913 192
30930 231
30946 235
30963 241
30979 250
30995 255
31012 271
31028 278
31045 286
31061 294
31077 304
31094 313
31110 321
31127 336
31143 346
31159 358
31176 372
31192 381
31209 396
31225 409
31241 420
31258 437
31274 450
31290 457
31307 481
31323 493
31340 530
31356 524
31372 540
31389 534
31405 567
31422 586
31438 552
31454 617
31471 640
31487 662
31504 675
31520 696
31536 711
31553 727
31569 751
31586 757
31602 783
31618 803
31635 821
31651 838
31668 864
31684 879
31700 901
31717 923
31733 941
31749 961
31766 986
31782 1004
31799 1026
31815 1047
31831 1067
31848 1085
31864 1137
31881 1132
31897 1155
31913 1177
31930 1198
31946 1221
31963 1244
31979 1267
31995 1288
32012 1315
32028 1330
32045 1353
32061 1380
32077 1399
32094 1420
32110 1438
32127 1464
32143 1489
32159 1513
32176 1536
32192 1557
32209 1577
32225 1601
32241 1627
32258 1647
32274 1670
32290 1690
32307 1710
32323 1732
32340 1810
32356 1774
32372 1799
32389 1840
32405 1838
32422 1860
32438 1901
32454 1903
32471 1924
32487 1938
32504 1965
32520 1986
32536 2008
32553 2025
32569 2046
32586 2062
32602 2086
32618 2103
32635 2125
32651 2144
32668 2160
32684 2179
32700 2199
32717 2214
32733 2232
32749 2249
32766 2268
32782 2282
32799 2299
32815 2318
32831 2329
32848 2345
32864 2363
32881 2377
32897 2391
32913 2393
32930 2422
32946 2431
32963 2445
32979 2457
32995 2474
33012 2490
33028 2497
33045 2510
33061 2515
33077 2530
33094 2542
33110 2556
33127 2559
33143 2569
33159 2580
33176 2586
33192 2594
33209 2604
33225 2612
33241 2619
33258 2624
33274 2632
33290 2635
33307 2642
33323 2649
33340 2685
33356 2654
33372 2658
33389 2643
33405 2666
33422 2667
33438 2665
33454 2671
33471 2674
33487 2674
33504 2679
33520 2678
33536 2679
33553 2675
33569 2671
33586 2675
33602 2670
33618 2665
33635 2663
33651 2658
33668 2656
33684 2652
33700 2647
33717 2647
33733 2636
33749 2633
33766 2625
33782 2617
33799 2611
33815 2603
33831 2599
33848 2590
33864 2594
33881 2569
33897 2564
33913 2593
33930 2542
33946 2528
33963 2521
33979 2509
33995 2498
34012 2487
34028 2467
34045 2459
34061 2453
34077 2431
34094 2420
34110 2404
34127 2389
34143 2373
34159 2353
34176 2337
34192 2325
34209 2307
34225 2292
34241 2276
34258 2257
34274 2235
34290 2218
34307 2202
34323 2179
34340 2176
34356 2141
34372 2123
34389 2087
34405 2077
34422 2058
34438 2024
34454 2015
34471 1992
34487 1976
34504 1948
34520 1925
34536 1894
34553 1878
34569 1860
34586 1828
34602 1807
34618 1784
34635 1755
34651 1732
34668 1707
34684 1683
34700 1656
34717 1628
34733 1609
34749 1580
34766 1552
34782 1525
34799 1500
34815 1468
34831 1444
34848 1415
34864 1382
34881 1361
34897 1331
34913 1348
34930 1279
34946 1250
34963 1222
34979 1195
34995 1163
35012 1143
35028 1106
35045 1085
35061 1063
35077 1020
35094 995
35110 961
35127 933
35143 904
35159 877
35176 846
35192 816
35209 785
35225 761
35241 727
35258 697
35274 672
35290 640
35307 611
35323 581
35340 560
35356 526
35372 497
35389 475
35405 441
35422 408
35438 386
35454 353
35471 326
35487 303
35504 273
35520 243
35536 208
35553 188
35569 170
35586 143
35602 134
35618 123
35635 115
35651 105
35668 105
35684 107
35700 101
35717 104
35733 105
35749 104
35766 105
35782 110
35799 113
35815 113
35831 116
35848 120
35864 122
35881 121
35897 132
35913 101
35930 132
35946 134
35963 144
35979 145
35995 147
36012 155
36028 157
36045 160
36061 158
36077 170
36094 177
36110 177
36127 183
36143 191
36159 194
36176 199
36192 207
36209 217
36225 220
36241 229
36258 235
36274 239
36290 252
36307 259
36323 266
36340 325
36356 284
36372 299
36389 294
36405 315
36422 325
36438 344
36454 348
36471 358
36487 364
36504 383
36520 395
36536 410
36553 423
36569 436
36586 449
36602 466
36618 478
36635 492
36651 509
36668 525
36684 539
36700 557
36717 574
36733 588
36749 602
36766 626
36782 639
36799 656
36815 676
36831 694
36848 711
36864 700
36881 750
36897 770
36913 775
36930 805
36946 827
36963 845
36979 865
36995 887
37012 902
37028 925
37045 945
37061 966
37077 988
37094 1006
37110 1041
37127 1054
37143 1075
37159 1097
37176 1119
37192 1138
37209 1159
37225 1182
37241 1205
37258 1227
37274 1249
37290 1273
37307 1296
37323 1318
37340 1291
37356 1365
37372 1384
37389 1412
37405 1432
37422 1450
37438 1469
37454 1499
37471 1518
37487 1538
37504 1566
37520 1592
37536 1610
37553 1631
37569 1657
37586 1683
37602 1698
37618 1722
37635 1746
37651 1763
37668 1790
37684 1810
37700 1832
37717 1855
37733 1876
37749 1894
37766 1917
37782 1941
37799 1956
37815 1978
37831 2005
37848 2017
37864 2017
37881 2062
37897 2080
37913 2113
37930 2119
37946 2138
37963 2157
37979 2179
37995 2192
38012 2213
38028 2232
38045 2246
38061 2263
38077 2282
38094 2296
38110 2318
38127 2334
38143 2347
38159 2364
38176 2376
38192 2392
38209 2409
38225 2424
38241 2435
38258 2449
38274 2465
38290 2475
38307 2490
38323 2505
38340 2489
38356 2525
38372 2534
38389 2577
38405 2557
38422 2567
38438 2575
38454 2587
38471 2601
38487 2605
38504 2616
38520 2624
38536 2630
38553 2636
38569 2644
38586 2639
38602 2656
38618 2661
38635 2665
38651 2671
38668 2677
38684 2679
38700 2683
38717 2685
38733 2689
38749 2691
38766 2693
38782 2694
38799 2695
38815 2695
38831 2696
38848 2695
38864 2700
38881 2688
38897 2694
38913 2727
38930 2688
38946 2687
38963 2683
38979 2676
38995 2674
39012 2671
39028 2667
39045 2658
39061 2654
39077 2648
39094 2644
39110 2632
39127 2628
39143 2620
39159 2611
39176 2603
39192 2592
39209 2585
39225 2575
39241 2563
39258 2552
39274 2544
39290 2530
39307 2520
39323 2506
39340 2491
39356 2480
39372 2466
39389 2423
39405 2439
39422 2421
39438 2435
39454 2393
39471 2380
39487 2359
39504 2350
39520 2331
39536 2301
39553 2295
39569 2277
39586 2254
39602 2239
39618 2220
39635 2204
39651 2182
39668 2163
39684 2141
39700 2120
39717 2099
39733 2081
39749 2058
39766 2037
39782 2014
39799 1995
39815 1967
39831 1947
39848 1927
39864 1896
39881 1874
39897 1848
39913 1861
39930 1804
39946 1778
39963 1754
39979 1727
39995 1704
40012 1676
40028 1651
40045 1624
40061 1600
40077 1573
40094 1546
40110 1517
40127 1489
40143 1462
40159 1434
40176 1406
40192 1382
40209 1354
40225 1323
40241 1299
40258 1269
40274 1238
40290 1211
40307 1181
40323 1158
40340 1129
40356 1095
40372 1066
40389 1005
40405 1007
40422 978
40438 985
40454 919
40471 889
40487 862
40504 830
40520 801
40536 780
40553 744
40569 713
40586 679
40602 656
40618 622
40635 600
40651 568
40668 538
40684 509
40700 479
40717 451
40733 418
40749 392
40766 365
40782 337
40799 309
40815 277
40831 251
40848 221
40864 228
40881 173
40897 155
40913 97
40930 124
40946 115
40963 113
40979 106
40995 102
41012 93
41028 104
41045 102
41061 104
41077 111
41094 110
41110 115
41127 113
41143 117
41159 119
41176 120
41192 127
41209 125
41225 132
41241 135
41258 139
41274 138
41290 139
41307 151
41323 152
41340 146
41356 157
41372 165
41389 162
41405 173
41422 179
41438 138
41454 185
41471 196
41487 194
41504 205
41520 211
41536 226
41553 225
41569 229
41586 239
41602 247
41618 253
41635 259
41651 274
41668 281
41684 288
41700 302
41717 313
41733 323
41749 335
41766 344
41782 356
41799 365
41815 378
41831 390
41848 404
41864 512
41881 433
41897 447
41913 485
41930 475
41946 490
41963 501
41979 521
41995 535
42012 543
42028 566
42045 585
42061 607
42077 618
42094 635
42110 659
42127 670
42143 687
42159 709
42176 729
42192 743
42209 762
42225 784
42241 800
42258 820
42274 840
42290 860
42307 880
42323 898
42340 921
42356 942
42372 961
42389 994
42405 1006
42422 1023
42438 1016
42454 1070
42471 1089
42487 1117
42504 1135
42520 1159
42536 1178
42553 1199
42569 1226
42586 1244
42602 1267
42618 1290
42635 1315
42651 1333
42668 1359
42684 1382
42700 1402
42717 1425
42733 1447
42749 1470
42766 1492
42782 1517
42799 1537
42815 1562
42831 1585
42848 1606
42864 1537
42881 1653
42897 1675
42913 1693
42930 1720
42946 1737
42963 1765
42979 1783
42995 1801
43012 1829
43028 1848
43045 1867
43061 1899
43077 1914
43094 1932
43110 1952
43127 1976
43143 1993
43159 2013
43176 2036
43192 2053
43209 2074
43225 2095
43241 2115
43258 2130
43274 2156
43290 2170
43307 2189
43323 2207
43340 2220
43356 2240
43372 2260
43389 2267
43405 2294
43422 2308
43438 2323
43454 2342
43471 2361
43487 2380
43504 2390
43520 2406
43536 2412
43553 2432
43569 2445
43586 2455
43602 2473
43618 2484
43635 2498
43651 2508
43668 2523
43684 2532
43700 2543
43717 2556
43733 2563
43749 2572
43766 2585
43782 2590
43799 2600
43815 2609
43831 2620
43848 2626
43864 2704
43881 2639
43897 2647
43913 2656
43930 2659
43946 2663
43963 2668
43979 2670
43995 2674
44012 2685
44028 2682
44045 2685
44061 2683
44077 2689
44094 2689
44110 2697
44127 2691
44143 2692
44159 2690
44176 2694
44192 2690
44209 2689
44225 2687
44241 2684
44258 2681
44274 2681
44290 2679
44307 2670
44323 2667
44340 2664
44356 2656
44372 2650
44389 2658
44405 2640
44422 2630
44438 2635
44454 2618
44471 2609
44487 2649
44504 2591
44520 2581
44536 2576
44553 2559
44569 2553
44586 2537
44602 2530
44618 2517
44635 2506
44651 2490
44668 2479
44684 2463
44700 2450
44717 2435
44733 2421
44749 2406
44766 2392
44782 2374
44799 2360
44815 2340
44831 2325
44848 2309
44864 2286
44881 2273
44897 2254
44913 2233
44930 2217
44946 2196
44963 2179
44979 2158
44995 2137
45012 2119
45028 2098
45045 2075
45061 2052
45077 2031
45094 2008
45110 1982
45127 1963
45143 1942
45159 1915
45176 1892
45192 1869
45209 1843
45225 1820
45241 1796
45258 1773
45274 1745
45290 1719
45307 1695
45323 1668
45340 1643
45356 1617
45372 1593
45389 1587
45405 1533
45422 1510
45438 1522
45454 1454
45471 1426
45487 1497
45504 1370
45520 1343
45536 1325
45553 1284
45569 1258
45586 1232
45602 1201
45618 1170
45635 1137
45651 1115
45668 1083
45684 1057
45700 1028
45717 997
45733 967
45749 934
45766 910
45782 876
45799 846
45815 817
45831 790
45848 759
45864 725
45881 700
45897 670
45913 667
45930 613
45946 586
45963 553
45979 520
45995 495
46012 456
46028 435
46045 406
46061 376
46077 346
46094 315
46110 292
46127 260
46143 233
46159 209
46176 183
46192 158
46209 146
46225 130
46241 116
46258 108
46274 106
46290 104
46307 105
46323 101
46340 103
46356 104
46372 105
46389 81
46405 109
46422 112
46438 160
46454 118
46471 119
46487 67
46504 125
46520 127
46536 134
46553 134
46569 139
46586 131
46602 146
46618 149
46635 147
46651 156
46668 159
46684 167
46700 171
46717 174
46733 183
46749 183
46766 190
46782 197
46799 206
46815 215
46831 215
46848 222
46864 251
46881 235
46897 245
46913 269
46930 258
46946 268
46963 276
46979 286
46995 295
47012 302
47028 316
47045 327
47061 341
47077 350
47094 359
47110 372
47127 386
47143 402
47159 410
47176 426
47192 439
47209 450
47225 464
47241 480
47258 500
47274 511
47290 524
47307 544
47323 552
47340 572
47356 589
47372 612
47389 635
47405 640
47422 660
47438 704
47454 694
47471 712
47487 718
47504 749
47520 768
47536 791
47553 807
47569 825
47586 850
47602 867
47618 886
47635 912
47651 928
47668 947
47684 969
47700 995
47717 1010
47733 1032
47749 1053
47766 1075
47782 1094
47799 1119
47815 1136
47831 1162
47848 1183
47864 1234
47881 1227
47897 1249
47913 1269
47930 1292
47946 1317
47963 1336
47979 1359
47995 1380
48012 1400
48028 1424
48045 1452
48061 1466
48077 1496
48094 1518
48110 1538
48127 1559
48143 1585
48159 1604
48176 1632
48192 1651
48209 1673
48225 1695
48241 1719
48258 1739
48274 1760
48290 1782
48307 1804
48323 1823
48340 1848
48356 1868
48372 1889
48389 1910
48405 1930
48422 1951
48438 1950
48454 1991
48471 2011
48487 1981
48504 2054
48520 2072
48536 2091
48553 2108
48569 2126
48586 2145
48602 2167
48618 2181
48635 2203
48651 2218
48668 2234
48684 2252
48700 2272
48717 2284
48733 2302
48749 2320
48766 2335
48782 2347
48799 2365
48815 2380
48831 2391
48848 2404
48864 2411
48881 2436
48897 2447
48913 2466
48930 2474
48946 2483
48963 2496
48979 2508
48995 2520
49012 2526
49028 2538
49045 2551
49061 2552
49077 2569
49094 2577
49110 2598
49127 2593
49143 2600
49159 2611
49176 2616
49192 2619
49209 2629
49225 2636
49241 2638
49258 2644
49274 2651
49290 2655
49307 2656
49323 2659
49340 2663
49356 2662
49372 2666
49389 2676
49405 2671
49422 2670
49438 2663
49454 2672
49471 2673
49487 2581
49504 2669
49520 2668
49536 2669
49553 2660
49569 2661
49586 2652
49602 2651
49618 2648
49635 2643
49651 2634
49668 2632
49684 2626
49700 2619
49717 2612
49733 2607
49749 2597
49766 2590
49782 2581
49799 2575
49815 2566
49831 2555
49848 2544
49864 2539
49881 2522
49897 2511
49913 2513
49930 2490
49946 2474
49963 2462
49979 2452
49995 2435
50012 2424
50028 2408
50045 2394
50061 2386
50077 2362
50094 2344
50110 2336
50127 2311
50143 2297
50159 2287
50176 2261
50192 2241
50209 2226
50225 2204
50241 2186
50258 2166
50274 2150
50290 2125
50307 2102
50323 2089
50340 2067
50356 2042
50372 2022
50389 2065
50405 1978
50422 1956
50438 1952
50454 1911
50471 1886
50487 1895
50504 1839
50520 1812
50536 1789
50553 1767
50569 1744
50586 1719
50602 1689
50618 1664
50635 1634
50651 1611
50668 1588
50684 1561
50700 1533
50717 1505
50733 1481
50749 1457
50766 1427
50782 1399
50799 1373
50815 1339
50831 1316
50848 1286
50864 1260
50881 1229
50897 1201
50913 1195
50930 1145
50946 1115
50963 1085
50979 1058
50995 1025
51012 1005
51028 970
51045 940
51061 913
51077 880
51094 852
51110 827
51127 793
51143 763
51159 735
51176 708
51192 677
51209 648
51225 619
51241 590
51258 557
51274 531
51290 503
51307 477
51323 442
51340 414
51356 387
51372 356
51389 238
51405 301
51422 274
51438 194
51454 218
51471 192
51487 175
51504 148
51520 134
51536 121
51553 115
51569 108
51586 109
51602 103
51618 102
51635 107
51651 101
51668 98
51684 108
51700 112
51717 111
51733 111
51749 118
51766 120
51782 121
51799 123
51815 128
51831 129
51848 129
51864 138
51881 137
51897 145
51913 158
51930 156
51946 155
51963 158
51979 162
51995 172
52012 174
52028 175
52045 185
52061 182
52077 193
52094 200
52110 210
52127 210
52143 218
52159 235
52176 233
52192 240
52209 248
52225 259
52241 265
52258 274
52274 285
52290 291
52307 304
52323 312
52340 327
52356 335
52372 345
52389 404
52405 366
52422 381
52438 442
52454 405
52471 417
52487 446
52504 450
52520 461
52536 471
52553 492
52569 504
52586 525
52602 535
52618 555
52635 571
52651 583
52668 602
52684 615
52700 633
52717 652
52733 671
52749 689
52766 707
52782 724
52799 742
52815 764
52831 777
52848 800
52864 822
52881 838
52897 856
52913 881
52930 898
52946 918
52963 942
52979 961
52995 980
53012 1008
53028 1022
53045 1044
53061 1062
53077 1089
53094 1111
53110 1132
53127 1154
53143 1171
53159 1202
53176 1219
53192 1241
53209 1264
53225 1285
53241 1309
53258 1332
53274 1353
53290 1375
53307 1400
53323 1417
53340 1446
53356 1468
53372 1488
53389 1489
53405 1535
53422 1553
53438 1589
53454 1600
53471 1622
53487 1646
53504 1669
53520 1688
53536 1711
53553 1733
53569 1754
53586 1778
53602 1797
53618 1811
53635 1838
53651 1859
53668 1884
53684 1902
53700 1922
53717 1945
53733 1964
53749 1984
53766 2007
53782 2028
53799 2047
53815 2064
53831 2085
53848 2101
53864 2122
53881 2142
53897 2162
53913 2175
53930 2196
53946 2213
53963 2232
53979 2249
53995 2264
54012 2291
54028 2298
54045 2313
54061 2337
54077 2347
54094 2358
54110 2382
54127 2393
54143 2404
54159 2416
54176 2432
54192 2447
54209 2459
54225 2469
54241 2486
54258 2494
54274 2507
54290 2516
54307 2530
54323 2537
54340 2549
54356 2559
54372 2570
54389 2590
54405 2588
54422 2597
54438 2602
54454 2611
54471 2618
54487 2614
54504 2627
54520 2635
54536 2647
54553 2644
54569 2653
54586 2653
54602 2659
54618 2662
54635 2667
54651 2671
54668 2670
54684 2671
54700 2676
54717 2680
54733 2676
54749 2675
54766 2680
54782 2674
54799 2674
54815 2674
54831 2671
54848 2668
54864 2668
54881 2666
54897 2660
54913 2659
54930 2653
54946 2649
54963 2643
54979 2636
54995 2632
55012 2596
55028 2618
55045 2610
55061 2606
55077 2593
55094 2584
55110 2586
55127 2567
55143 2557
55159 2540
55176 2541
55192 2526
55209 2514
55225 2505
55241 2490
55258 2477
55274 2464
55290 2454
55307 2438
55323 2432
55340 2410
55356 2399
55372 2378
55389 2352
55405 2351
55422 2329
55438 2305
55454 2299
55471 2281
55487 2256
55504 2246
55520 2226
55536 2205
55553 2187
55569 2172
55586 2147
55602 2128
55618 2109
55635 2089
55651 2066
55668 2046
55684 2026
55700 2002
55717 1977
55733 1962
55749 1934
55766 1912
55782 1891
55799 1864
55815 1840
55831 1818
55848 1793
55864 1767
55881 1743
55897 1720
55913 1691
55930 1670
55946 1642
55963 1615
55979 1590
55995 1563
56012 1509
56028 1512
56045 1481
56061 1457
56077 1431
56094 1400
56110 1372
56127 1347
56143 1323
56159 1297
56176 1263
56192 1234
56209 1205
56225 1179
56241 1149
56258 1118
56274 1092
56290 1057
56307 1034
56323 1005
56340 974
56356 944
56372 918
56389 870
56405 858
56422 829
56438 815
56454 769
56471 745
56487 710
56504 683
56520 657
56536 622
56553 596
56569 568
56586 534
56602 506
56618 479
56635 451
56651 418
56668 395
56684 366
56700 334
56717 308
56733 283
56749 250
56766 229
56782 200
56799 172
56815 154
56831 138
56848 125
56864 114
56881 108
56897 106
56913 130
56930 102
56946 102
56963 107
56979 105
56995 104
57012 66
57028 115
57045 110
57061 110
57077 121
57094 116
57110 124
57127 127
57143 130
57159 136
57176 137
57192 140
57209 142
57225 145
57241 157
57258 156
57274 160
57290 166
57307 170
57323 177
57340 176
57356 185
57372 187
57389 171
57405 201
57422 206
57438 232
57454 220
57471 223
57487 226
57504 240
57520 246
57536 253
57553 263
57569 273
57586 286
57602 290
57618 302
57635 314
57651 319
57668 329
57684 345
57700 367
57717 367
57733 377
57749 393
57766 408
57782 418
57799 431
57815 447
57831 459
57848 473
57864 489
57881 505
57897 518
57913 542
57930 551
57946 566
57963 583
57979 601
57995 619
58012 612
58028 649
58045 672
58061 688
58077 709
58094 724
58110 743
58127 764
58143 782
58159 804
58176 819
58192 839
58209 860
58225 880
58241 898
58258 920
58274 940
58290 959
58307 983
58323 1005
58340 1029
58356 1048
58372 1067
58389 1085
58405 1110
58422 1132
58438 1163
58454 1179
58471 1199
58487 1204
58504 1244
58520 1265
58536 1288
58553 1312
58569 1333
58586 1346
58602 1379
58618 1405
58635 1413
58651 1445
58668 1471
58684 1492
58700 1515
58717 1536
58733 1563
58749 1583
58766 1605
58782 1629
58799 1653
58815 1673
58831 1695
58848 1720
58864 1736
58881 1761
58897 1783
58913 1820
58930 1826
58946 1847
58963 1871
58979 1890
58995 1911
59012 1931
59028 1954
59045 1972
59061 1995
59077 2018
59094 2038
59110 2054
59127 2077
59143 2094
59159 2102
59176 2134
59192 2153
59209 2172
59225 2190
59241 2211
59258 2225
59274 2243
59290 2261
59307 2281
59323 2296
59340 2312
59356 2330
59372 2349
59389 2363
59405 2378
59422 2395
59438 2379
59454 2418
59471 2435
59487 2440
59504 2462
59520 2474
59536 2492
59553 2499
59569 2512
59586 2529
59602 2535
59618 2547
59635 2568
59651 2570
59668 2578
59684 2595
59700 2597
59717 2602
59733 2616
59749 2622
59766 2632
59782 2634
59799 2644
59815 2650
59831 2657
59848 2662
59864 2666
59881 2674
59897 2678
59913 2694
59930 2687
59946 2689
59963 2691
59979 2692
59995 2702
60012 2705
60028 2695
60045 2698
60061 2697
60077 2696
60094 2698
60110 2697
60127 2695
60143 2693
60159 2700
60176 2690
60192 2685
60209 2683
60225 2680
60241 2679
60258 2670
60274 2662
60290 2658
60307 2654
60323 2642
60340 2642
60356 2630
60372 2624
60389 2614
60405 2611
60422 2595
60438 2606
60454 2582
60471 2570
60487 2543
60504 2548
60520 2538
60536 2525
60553 2513
60569 2501
60586 2485
60602 2474
60618 2462
60635 2454
60651 2429
60668 2417
60684 2411
60700 2387
60717 2369
60733 2355
60749 2340
60766 2320
60782 2301
60799 2285
60815 2264
60831 2251
60848 2228
60864 2209
60881 2189
60897 2169
60913 2138
60930 2129
60946 2109
60963 2088
60979 2064
60995 2045
61012 2008
61028 2000
61045 1980
61061 1950
61077 1930
61094 1904
61110 1887
61127 1857
61143 1837
61159 1817
61176 1785
61192 1761
61209 1736
61225 1711
61241 1686
61258 1658
61274 1633
61290 1605
61307 1580
61323 1552
61340 1525
61356 1498
61372 1473
61389 1444
61405 1417
61422 1390
61438 1367
61454 1331
61471 1305
61487 1309
61504 1250
61520 1222
61536 1196
61553 1163
61569 1135
61586 1108
61602 1070
61618 1044
61635 1018
61651 988
61668 959
61684 922
61700 899
61717 873
61733 838
61749 811
61766 779
61782 755
61799 725
61815 690
61831 662
61848 632
61864 605
61881 575
61897 544
61913 501
61930 486
61946 456
61963 428
61979 399
61995 366
62012 334
62028 313
62045 285
62061 256
62077 230
62094 206
62110 176
62127 158
62143 139
62159 127
62176 115
62192 108
62209 105
62225 103
62241 104
62258 101
62274 107
62290 101
62307 106
62323 110
62340 112
62356 111
62372 110
62389 114
62405 118
62422 127
62438 141
62454 130
62471 126
62487 89
62504 141
62520 143
62536 148
62553 151
62569 153
62586 149
62602 163
62618 169
62635 173
62651 182
62668 182
62684 183
62700 191
62717 198
62733 202
62749 207
62766 222
62782 224
62799 229
62815 240
62831 252
62848 251
62864 263
62881 269
62897 280
62913 341
62930 298
62946 307
62963 320
62979 328
62995 342
63012 342
63028 363
63045 379
63061 391
63077 403
63094 415
63110 435
63127 443
63143 457
63159 472
63176 482
63192 497
63209 518
63225 531
63241 548
63258 565
63274 580
63290 596
63307 619
63323 630
63340 646
63356 666
63372 685
63389 703
63405 721
63422 746
63438 753
63454 779
63471 796
63487 770
63504 836
63520 854
63536 874
63553 894
63569 918
63586 939
63602 956
63618 978
63635 1002
63651 1021
63668 1041
63684 1067
63700 1085
63717 1103
63733 1125
63749 1148
63766 1171
63782 1196
63799 1219
63815 1239
63831 1269
63848 1287
63864 1308
63881 1329
63897 1351
63913 1400
63930 1399
63946 1420
63963 1443
63979 1461
63995 1489
64012 1514
64028 1533
64045 1556
64061 1581
64077 1602
64094 1620
64110 1650
64127 1666
64143 1691
64159 1708
64176 1731
64192 1755
64209 1779
64225 1799
64241 1824
64258 1843
64274 1863
64290 1881
64307 1909
64323 1927
64340 1947
64356 1967
64372 1991
64389 2009
64405 2034
64422 2052
64438 2072
64454 2086
64471 2111
64487 2140
64504 2147
64520 2165
64536 2188
64553 2200
64569 2219
64586 2237
64602 2257
64618 2274
64635 2296
64651 2304
64668 2325
64684 2338
64700 2355
64717 2372
64733 2386
64749 2399
64766 2415
64782 2427
64799 2443
64815 2456
64831 2469
64848 2481
64864 2498
64881 2506
64897 2519
64913 2549
64930 2539
64946 2549
64963 2560
64979 2571
64995 2580
65012 2584
65028 2597
65045 2606
65061 2613
65077 2622
65094 2627
65110 2637
65127 2638
65143 2648
65159 2655
65176 2656
65192 2663
65209 2668
65225 2673
65241 2675
65258 2678
65274 2682
65290 2682
65307 2688
65323 2686
65340 2687
65356 2692
65372 2684
65389 2687
65405 2690
65422 2687
65438 2699
65454 2686
65471 2676
65487 2677
65504 2676
65520 2672
65536 2611
65553 2662
65569 2660
65586 2651
65602 2649
65618 2641
65635 2644
65651 2630
65668 2621
65684 2609
65700 2609
65717 2596
65733 2584
65749 2580
65766 2568
65782 2555
65799 2550
65815 2534
65831 2523
65848 2511
65864 2499
65881 2486
65897 2475
65913 2416
65930 2446
65946 2432
65963 2418
65979 2400
65995 2387
66012 2367
66028 2352
66045 2338
66061 2316
66077 2301
66094 2286
66110 2270
66127 2248
66143 2232
66159 2208
66176 2194
66192 2173
66209 2153
66225 2132
66241 2114
66258 2100
66274 2069
66290 2048
66307 2027
66323 2005
66340 1984
66356 1960
66372 1930
66389 1911
66405 1893
66422 1863
66438 1860
66454 1820
66471 1792
66487 1798
66504 1745
66520 1717
66536 1741
66553 1670
66569 1640
66586 1615
66602 1589
66618 1558
66635 1527
66651 1508
66668 1479
66684 1447
66700 1427
66717 1394
66733 1363
66749 1341
66766 1312
66782 1284
66799 1257
66815 1228
66831 1196
66848 1170
66864 1141
66881 1113
66897 1085
66913 1039
66930 1023
66946 996
66963 962
66979 932
66995 907
67012 872
67028 847
67045 819
67061 783
67077 759
67094 729
67110 701
67127 669
67143 640
67159 597
67176 580
67192 552
67209 520
