1.81 0.39 1639.56 51.33
20.62 8.89 1566.43 43.35
37.12 8.76 1492.25 41.73
53.50 8.91 1420.18 40.94
69.87 8.83 1347.18 40.43
86.25 8.73 1275.37 40.72
102.81 8.85 1202.81 38.97
119.18 8.75 1135.18 38.16
135.56 8.90 1065.50 35.62
152.00 8.80 998.50 37.54
168.31 8.71 929.75 36.55
184.81 8.85 864.81 35.36
201.12 8.77 798.56 34.68
218.00 8.99 734.87 33.53
234.43 8.87 671.62 32.06
250.81 8.80 613.68 31.46
267.25 8.93 554.12 31.24
283.56 8.83 497.81 30.45
299.87 8.77 440.37 28.12
316.37 8.89 388.25 27.83
333.00 8.74 337.75 25.50
349.56 9.14 289.12 23.45
365.81 9.07 248.37 20.09
382.18 9.24 209.31 16.92
398.75 9.09 181.00 11.18
415.06 8.97 159.18 7.01
431.56 9.14 146.93 3.99
447.81 9.07 139.62 4.01
464.18 9.24 136.25 1.82
480.75 9.09 135.31 2.89
497.06 8.97 136.18 3.52
513.75 9.10 137.43 6.98
529.87 9.06 141.56 3.02
546.37 9.20 146.56 2.67
562.87 9.06 150.87 7.01
579.37 8.91 154.75 3.96
595.87 9.06 158.81 4.53
612.00 9.02 164.75 4.19
628.43 8.94 170.43 5.34
645.12 8.99 175.00 4.31
661.43 8.90 179.12 7.88
677.75 9.08 184.12 12.37
694.18 8.97 191.93 5.35
710.56 8.90 200.37 5.80
727.12 8.99 206.93 5.14
743.43 8.90 213.81 5.57
759.81 9.06 224.31 6.53
776.25 8.95 232.56 6.38
792.56 8.85 240.81 7.01
809.12 8.99 252.06 6.90
825.43 8.91 263.18 7.46
841.87 9.05 276.75 8.80
858.31 8.92 288.37 8.28
874.62 8.82 300.37 8.60
891.18 8.95 314.81 11.48
907.50 8.85 331.93 10.23
923.81 9.06 349.00 12.83
940.37 8.89 362.18 17.77
956.75 8.78 387.12 12.14
973.25 8.92 407.50 15.13
989.50 8.84 430.68 13.38
1005.87 9.04 454.37 15.00
1022.43 8.87 478.56 15.85
1038.81 8.76 504.81 15.94
1055.25 8.93 532.62 15.83
1071.56 8.83 561.87 18.02
1087.93 8.77 594.56 19.91
1104.50 8.86 624.12 18.41
1120.87 8.74 656.06 19.16
1137.18 8.93 688.50 19.78
1153.68 8.80 724.06 21.30
1170.00 8.75 759.56 20.10
1186.56 8.84 795.00 22.70
1203.06 8.78 833.75 22.37
1219.37 8.93 873.06 24.65
1235.75 8.83 913.06 24.48
1252.06 8.78 952.56 22.75
1268.62 8.87 993.56 23.06
1285.06 8.78 1035.25 23.45
1301.31 8.96 1077.06 24.20
1317.68 8.84 1118.68 24.58
1334.50 8.94 1164.43 24.80
1351.18 9.75 1208.18 26.80
1367.56 9.66 1251.37 23.44
1383.81 9.90 1296.12 26.31
1400.31 9.71 1341.12 26.52
1416.68 9.63 1386.62 28.03
1433.18 9.75 1430.87 26.86
1449.50 9.69 1474.50 27.69
1465.81 9.90 1518.93 27.30
1482.31 9.71 1563.25 27.40
1498.68 9.63 1608.31 27.44
1515.31 9.80 1653.37 27.75
1531.75 9.66 1697.93 27.16
1548.00 9.67 1742.93 26.86
1564.62 9.71 1786.56 26.33
1581.12 9.60 1830.56 25.60
1597.50 9.76 1873.00 26.09
1613.93 9.64 1914.06 25.49
1630.18 9.64 1956.37 25.81
1647.12 9.64 1998.62 23.82
1663.37 9.57 2039.93 25.39
1679.81 9.72 2079.62 23.72
1696.18 9.61 2117.18 23.50
1712.43 9.61 2154.75 24.03
1729.12 9.64 2193.75 22.72
1745.37 9.57 2230.12 21.75
1761.75 9.72 2264.75 21.55
1778.18 9.61 2298.18 22.51
1794.43 9.54 2334.43 20.64
1811.12 9.65 2367.87 21.22
1827.43 9.54 2396.37 19.39
1843.68 9.76 2427.56 18.22
1860.18 9.61 2456.50 18.01
1876.43 9.54 2484.43 18.60
1893.25 9.59 2510.43 16.10
1909.50 9.52 2536.25 16.26
1925.81 9.71 2559.75 15.15
1942.31 9.56 2580.12 7.97
1958.75 9.44 2604.06 13.84
1975.37 9.52 2626.31 14.13
1991.62 9.44 2641.75 13.55
2008.00 9.41 2658.43 11.70
2024.62 9.45 2675.43 10.77
2040.75 9.44 2689.18 10.36
2057.43 9.49 2701.43 8.81
2073.68 9.42 2712.81 8.22
2090.12 9.38 2723.31 7.64
2106.81 9.38 2731.68 8.26
2122.93 9.39 2738.68 7.40
2139.62 9.43 2745.25 8.32
2155.87 9.37 2747.56 6.00
2172.12 9.38 2748.43 5.86
2188.81 9.38 2751.25 6.28
2205.00 9.41 2749.87 5.07
2221.56 9.49 2748.62 6.26
2238.00 9.41 2743.25 6.33
2254.12 9.37 2740.00 5.36
2270.81 9.44 2731.75 7.60
2287.06 9.38 2723.31 6.11
2303.56 9.49 2713.56 7.54
2320.06 9.39 2705.25 8.00
2336.31 9.40 2693.00 8.54
2353.31 10.54 2679.87 8.98
2369.43 10.55 2664.62 11.20
2385.87 10.44 2648.81 10.82
2402.31 10.54 2631.00 11.18
2418.62 10.53 2614.50 13.19
2435.25 10.54 2593.00 13.19
2451.43 10.55 2573.06 13.88
2467.81 10.46 2552.12 15.20
2484.31 10.54 2528.87 16.94
2500.56 10.56 2503.93 16.59
2517.31 10.56 2478.18 17.41
2533.50 10.55 2452.12 20.93
2549.75 10.51 2424.93 17.57
2566.37 10.55 2399.87 18.73
2583.00 10.61 2367.68 19.64
2599.62 10.61 2338.43 21.07
2615.87 10.60 2307.25 20.72
2632.06 10.58 2275.50 20.14
2648.75 10.57 2244.50 20.80
2665.00 10.63 2211.68 21.83
2681.62 10.65 2177.43 22.95
2697.93 10.60 2144.37 22.20
2714.12 10.58 2110.25 22.75
2730.75 10.57 2074.56 23.25
2746.93 10.60 2040.25 23.66
2763.56 10.40 2003.68 23.77
2780.00 10.53 1969.68 25.14
2796.25 10.53 1932.43 24.01
2812.81 10.55 1897.00 25.40
2829.06 10.55 1859.37 25.57
2845.50 10.45 1820.81 24.41
2861.93 10.55 1786.12 25.18
2878.25 10.53 1749.06 24.54
2894.87 10.52 1712.31 25.66
2911.12 10.52 1676.31 23.48
2927.50 10.45 1638.75 24.59
2944.00 10.52 1602.93 24.04
2960.37 10.49 1564.56 25.73
2976.93 10.51 1530.75 25.33
2993.18 10.51 1492.87 23.84
3009.50 10.43 1459.93 24.26
3026.12 10.49 1424.25 23.20
3042.50 10.45 1390.93 24.42
3058.93 10.53 1355.68 24.62
3075.31 10.47 1321.56 22.72
3091.87 10.43 1287.31 23.07
3108.31 10.47 1257.43 21.84
3124.75 10.47 1225.62 21.87
3141.25 10.51 1193.75 25.00
3157.62 10.47 1165.12 21.25
3173.87 10.43 1135.62 20.86
3190.31 10.47 1106.75 21.01
3206.93 10.48 1077.56 20.38
3223.25 10.39 1051.50 18.40
3239.75 10.51 1027.06 22.37
3256.06 10.49 1001.50 18.29
3272.50 10.52 977.18 17.96
3288.87 10.50 953.18 17.33
3305.25 10.40 932.43 15.90
3321.87 10.50 910.56 15.78
3338.12 10.50 890.87 15.19
3354.68 10.74 872.62 15.50
3371.06 10.78 855.06 15.54
3387.43 10.87 839.81 18.64
3403.93 10.72 822.87 13.94
3420.18 10.72 808.93 13.17
3436.68 10.74 793.50 13.73
3453.06 10.78 783.00 12.96
3469.37 10.88 771.50 12.95
3485.87 10.75 764.06 11.01
3502.18 10.72 756.12 10.31
3518.75 10.74 749.37 10.01
3535.00 10.72 742.25 8.51
3551.37 10.92 740.37 8.47
3567.75 10.74 734.93 9.05
3584.31 10.74 734.12 8.96
3600.81 10.76 732.68 8.03
3617.06 10.74 733.37 8.74
3633.37 10.72 734.62 7.07
3650.31 10.88 737.43 8.71
3666.81 10.85 742.06 7.83
3683.18 10.91 748.50 9.53
3699.56 10.87 753.93 9.24
3715.87 10.83 761.50 9.08
3732.31 10.88 770.62 10.37
3748.68 10.92 779.62 10.48
3765.31 10.88 790.25 14.05
3781.68 10.83 803.81 10.82
3798.00 10.79 816.37 10.00
3814.50 10.81 829.00 11.10
3830.81 10.87 845.25 11.97
3847.25 10.94 860.87 14.41
3863.68 10.83 879.00 12.68
3879.93 10.81 899.06 13.12
3896.68 10.71 917.18 13.49
3913.06 10.78 936.75 12.79
3929.50 10.86 959.31 13.62
3945.93 10.74 980.43 13.86
3962.56 10.71 1003.81 14.17
3979.12 10.69 1027.00 15.64
3995.37 10.71 1051.68 16.44
4011.81 10.84 1075.87 17.05
4028.37 10.64 1101.18 16.64
4044.75 10.66 1128.31 17.13
4061.31 10.63 1154.25 16.25
4077.50 10.67 1181.00 17.66
4093.93 10.63 1209.37 17.38
4110.50 10.65 1236.93 16.46
4126.81 10.66 1265.81 19.28
4143.31 10.62 1296.00 19.74
4159.56 10.68 1325.06 18.74
4175.87 10.64 1355.93 19.39
4192.50 10.65 1386.25 19.51
4208.87 10.68 1417.18 18.18
4225.25 10.74 1445.06 20.64
4241.68 10.72 1475.50 18.79
4257.93 10.66 1509.25 19.43
4274.56 10.66 1538.81 20.40
4290.93 10.64 1568.25 20.38
4307.31 10.72 1600.68 21.65
4323.87 10.73 1630.31 20.04
4340.06 10.70 1662.25 19.73
4356.68 10.69 1691.93 19.23
4373.12 10.91 1722.00 20.07
4389.50 10.80 1753.37 20.42
4405.93 10.94 1781.50 19.85
4422.12 10.91 1811.50 19.67
4438.68 10.69 1841.43 19.58
4455.06 10.95 1869.43 19.88
4471.37 10.85 1896.31 21.40
4487.81 10.71 1926.81 19.05
4504.12 10.91 1955.06 18.13
4520.68 10.69 1981.75 18.80
4537.06 10.96 2009.18 18.04
4553.37 10.90 2032.87 19.25
4569.81 10.71 2059.18 16.06
4586.25 10.92 2082.81 15.97
4602.68 10.69 2108.31 15.59
4619.12 10.98 2130.62 16.84
4635.50 10.99 2155.37 18.40
4652.00 10.78 2175.81 15.96
4668.37 10.98 2196.12 14.93
4684.75 10.81 2217.06 14.53
4701.18 11.01 2236.18 13.10
4717.43 10.96 2254.00 14.52
4734.00 10.78 2272.75 12.34
4750.37 10.98 2289.12 12.47
4766.81 10.79 2305.12 11.69
4783.18 10.97 2319.18 11.42
4799.50 10.94 2333.62 10.48
4816.00 10.76 2347.50 10.58
4832.43 10.96 2358.93 9.63
4848.75 10.86 2370.56 9.94
4865.18 10.97 2377.43 14.14
4881.50 10.94 2390.00 9.10
4898.37 10.75 2398.93 7.28
4914.75 10.97 2402.81 9.64
4931.06 10.90 2410.62 7.12
4947.50 10.75 2415.18 6.73
4964.00 10.94 2419.75 6.03
4980.43 10.76 2421.50 7.83
4996.68 10.98 2423.81 5.88
5013.12 10.91 2422.62 9.05
5029.56 10.75 2425.56 5.90
5046.06 10.93 2424.50 5.58
5062.43 10.73 2424.06 8.23
5078.81 10.95 2418.56 6.61
5095.12 10.96 2413.68 4.69
5111.56 10.75 2410.00 6.43
5128.00 10.95 2402.56 7.47
5144.43 10.73 2396.50 7.12
5160.81 10.95 2389.56 6.54
5177.06 10.93 2381.25 10.00
5193.56 10.75 2369.25 8.36
5210.31 11.10 2359.93 9.28
5226.75 10.99 2347.75 11.00
5243.12 11.11 2334.06 9.51
5259.37 11.08 2321.93 13.55
5276.00 10.89 2306.56 9.35
5292.37 11.05 2291.87 12.48
5308.75 11.01 2277.87 11.87
5325.37 11.23 2259.68 12.20
5341.75 11.23 2241.75 13.67
5358.25 11.04 2225.00 13.99
5374.62 11.22 2205.25 14.70
5391.00 11.17 2186.75 14.80
5407.37 11.23 2165.31 17.77
5423.75 11.23 2147.06 15.05
5440.25 11.04 2126.12 14.36
5456.50 11.26 2104.50 15.55
5472.93 11.17 2081.87 16.15
5489.31 11.24 2058.81 16.50
5505.75 11.23 2036.68 16.88
5522.18 11.03 2011.75 18.21
5538.50 11.26 1989.56 17.02
5554.87 11.23 1965.56 17.10
5571.37 11.23 1939.75 17.95
5587.75 11.26 1915.25 17.32
5604.25 11.06 1891.75 16.97
5620.56 11.27 1866.87 18.10
5637.06 11.39 1840.50 18.16
5653.50 11.16 1815.93 19.18
5669.93 11.37 1789.93 19.11
5686.37 11.23 1764.06 18.60
5702.75 11.37 1737.43 18.28
5719.00 11.35 1713.87 18.78
5735.50 11.16 1686.75 19.49
5751.93 11.37 1661.31 17.67
5768.62 11.16 1636.37 17.42
5784.93 11.28 1611.56 18.66
5801.31 11.30 1586.37 18.26
5817.81 11.10 1559.87 20.20
5834.18 11.26 1538.37 17.82
5850.56 11.23 1511.50 16.30
5866.93 11.28 1488.43 17.13
5883.31 11.30 1465.06 17.29
5899.87 11.11 1441.00 17.70
5916.18 11.32 1418.43 17.62
5932.56 11.24 1395.68 16.17
5949.06 11.29 1373.93 16.45
5965.43 11.32 1352.00 15.20
5981.93 11.12 1329.31 14.84
5998.25 11.33 1309.93 15.41
6014.68 11.26 1290.62 14.79
6031.43 11.25 1269.12 14.26
6047.68 11.29 1252.93 16.51
6064.25 11.09 1233.12 17.27
6080.56 11.31 1215.31 14.04
6096.81 11.33 1197.81 15.08
6113.31 11.08 1181.62 14.30
6129.68 11.29 1166.93 14.17
6146.25 11.07 1151.93 13.30
6162.50 11.30 1137.81 12.23
6178.75 11.29 1124.00 11.94
6195.31 11.08 1113.00 11.92
6211.68 11.29 1098.50 12.64
6228.12 11.13 1088.56 11.61
6244.43 11.25 1078.25 10.69
6260.81 11.33 1069.12 10.36
6277.37 11.03 1060.87 10.72
6293.75 11.17 1052.75 10.07
6310.06 11.18 1049.93 18.31
6326.68 11.26 1041.12 9.91
6342.93 11.25 1034.62 9.49
6359.43 11.08 1030.75 9.29
6375.81 11.21 1027.37 10.01
6392.12 11.22 1025.25 10.68
6408.68 11.26 1021.81 10.45
6424.93 11.25 1023.62 10.85
6441.43 11.08 1022.37 10.28
6457.75 11.27 1022.62 8.64
6474.12 11.22 1024.75 8.53
6490.68 11.26 1026.18 9.51
6506.87 11.25 1029.62 9.91
6523.43 11.08 1034.50 10.23
6539.75 11.27 1037.62 9.45
6556.00 11.29 1045.37 11.13
6572.68 11.22 1052.50 9.72
6588.93 11.26 1058.75 11.85
6605.43 11.08 1069.50 11.65
6621.75 11.27 1075.81 10.03
6638.37 11.55 1085.93 11.06
6654.87 11.32 1095.68 10.35
6671.18 11.46 1107.75 10.59
6687.68 11.41 1118.75 11.53
6704.06 11.51 1131.56 11.25
6720.37 11.55 1145.12 12.19
6736.87 11.32 1156.43 12.06
6753.18 11.46 1170.87 12.36
6769.68 11.42 1184.43 15.19
6786.12 11.50 1202.43 13.75
6802.37 11.51 1217.87 11.99
6818.87 11.34 1234.12 12.17
6835.25 11.45 1250.93 13.62
6851.62 11.49 1268.50 13.63
6868.12 11.50 1285.68 14.01
6884.37 11.51 1303.43 15.24
6900.93 11.34 1322.56 15.34
6917.25 11.52 1341.75 15.03
6933.62 11.49 1365.68 17.86
6950.31 11.53 1382.37 14.30
6966.56 11.54 1402.00 14.98
6983.00 11.35 1422.62 14.85
6999.37 11.54 1439.12 19.42
7015.68 11.50 1463.12 15.16
7032.25 11.49 1483.62 15.21
7048.56 11.49 1505.12 14.07
7065.00 11.35 1525.43 16.34
7081.37 11.54 1548.43 15.09
7097.68 11.58 1568.87 14.18
7114.12 11.35 1589.75 15.95
7130.50 11.49 1611.00 14.74
7147.00 11.35 1633.06 14.72
7163.37 11.54 1653.37 14.59
7179.68 11.58 1673.81 15.61
7196.12 11.35 1696.06 14.28
7212.50 11.49 1716.56 15.79
7228.93 11.43 1737.18 14.17
7245.37 11.54 1759.68 13.41
7261.68 11.58 1778.81 15.51
7278.25 11.26 1795.93 16.76
7294.68 11.39 1819.43 13.36
7311.06 11.40 1838.06 13.77
7327.56 11.52 1857.18 14.60
7343.93 11.52 1877.06 13.55
7360.31 11.30 1894.68 13.60
7376.75 11.44 1914.25 14.47
7393.06 11.44 1929.62 15.08
7409.50 11.51 1948.25 13.00
7425.93 11.52 1964.68 15.90
7442.25 11.29 1980.56 14.14
7458.62 11.53 1996.06 13.34
7475.00 11.45 2013.68 13.78
7491.50 11.51 2026.68 13.03
7507.81 11.43 2043.56 16.96
7524.25 11.29 2054.93 13.26
7540.56 11.52 2069.68 12.81
7556.93 11.52 2080.00 11.91
7573.56 11.52 2090.31 15.30
7589.87 11.46 2103.68 12.07
7606.31 11.30 2115.81 12.24
7622.68 11.55 2124.31 11.71
7639.12 11.61 2134.00 10.81
7655.56 11.40 2141.87 11.42
7672.00 11.58 2150.75 11.13
7688.31 11.44 2158.25 11.52
7704.75 11.60 2164.56 11.84
7721.12 11.61 2170.43 11.76
7737.56 11.40 2175.56 10.36
7754.00 11.58 2179.93 10.51
7770.31 11.44 2183.75 10.57
7786.81 11.60 2187.31 10.57
7803.12 11.61 2188.56 10.82
7819.50 11.37 2190.93 11.18
7836.06 11.58 2192.81 11.73
7852.25 11.52 2192.50 11.27
7868.75 11.59 2192.50 11.01
7885.18 11.62 2190.06 11.63
7901.50 11.37 2188.18 10.82
7917.93 11.62 2185.87 10.61
7934.25 11.54 2182.87 10.52
7950.87 11.62 2178.68 12.17
7967.18 11.60 2174.37 11.34
7983.62 11.40 2170.25 11.04
7999.93 11.63 2163.62 11.24
8016.31 11.56 2158.00 10.51
8032.81 11.60 2149.75 10.30
8049.18 11.60 2141.43 11.52
8065.62 11.40 2133.06 11.49
8082.00 11.63 2124.81 11.19
8098.25 11.63 2114.06 11.56
8114.75 11.43 2104.87 11.95
8131.18 11.60 2092.87 12.96
8147.56 11.40 2082.43 12.36
8163.93 11.63 2075.62 14.34
8180.25 11.63 2059.62 12.53
8196.75 11.43 2046.43 13.23
8213.18 11.60 2030.87 15.87
8229.43 11.46 2019.12 12.62
8245.93 11.63 2006.43 13.24
8262.25 11.63 1990.56 13.84
8278.68 11.37 1975.18 12.66
8295.25 11.58 1961.50 13.38
8311.43 11.52 1943.50 14.92
8328.00 11.60 1929.93 15.75
8344.37 11.66 1912.56 14.03
8360.75 11.42 1896.87 13.63
8377.18 11.52 1879.50 13.90
8393.50 11.56 1861.56 15.86
