1.81 0.39 1444.81 75.91
20.81 8.84 1359.37 53.38
37.00 9.05 1268.56 50.15
53.50 8.91 1182.18 45.65
70.06 9.04 1094.62 45.99
86.25 8.99 1011.43 43.91
102.87 8.82 930.87 42.92
119.18 9.01 850.50 39.78
135.68 8.88 775.62 37.43
152.18 9.01 705.93 37.05
168.31 8.98 636.81 33.71
184.93 8.81 573.00 31.61
201.25 9.00 513.87 30.28
218.00 8.87 460.43 26.66
234.50 8.99 410.00 22.56
250.68 8.96 365.25 20.20
267.25 8.80 329.87 17.60
283.56 8.96 294.37 14.61
300.00 8.86 267.68 11.22
316.62 8.95 245.93 9.00
332.68 8.93 231.50 6.94
349.37 8.77 220.43 5.96
365.62 8.95 217.75 5.71
382.12 8.83 217.37 5.88
398.56 8.70 226.62 8.90
414.81 8.90 240.12 11.59
431.37 8.77 258.06 13.94
447.68 8.93 283.68 16.71
464.12 8.84 313.81 18.81
480.62 8.69 349.12 20.26
496.87 8.88 388.12 23.79
513.50 8.73 431.25 26.35
529.75 8.91 481.50 28.60
546.06 8.86 533.43 29.68
562.56 8.71 591.00 32.31
578.93 8.86 651.62 33.21
595.56 8.71 714.68 34.89
611.81 8.90 783.12 35.93
628.00 8.87 852.18 35.02
644.62 8.69 924.93 39.42
660.87 8.88 998.62 39.87
677.50 8.72 1075.68 39.25
693.87 8.88 1151.31 40.78
710.06 8.85 1228.75 40.93
726.75 8.66 1308.43 39.70
743.00 8.85 1389.93 40.01
759.50 8.72 1466.31 39.24
776.00 8.85 1545.81 37.77
792.12 8.82 1621.25 38.88
808.81 8.64 1697.81 37.80
825.00 8.85 1770.56 36.26
841.56 8.69 1841.56 36.13
857.93 8.60 1912.00 33.65
874.18 8.79 1979.50 31.79
890.81 8.63 2043.87 30.16
907.12 9.07 2104.25 29.62
923.62 8.94 2162.93 28.15
940.12 9.06 2215.62 25.87
956.31 9.00 2266.43 23.03
972.93 8.85 2310.93 20.38
989.18 9.04 2351.68 19.93
1005.62 8.93 2388.43 15.74
1022.37 9.03 2421.37 13.98
1038.62 8.97 2446.87 12.15
1055.18 8.82 2470.81 8.33
1071.56 9.00 2487.50 6.34
1087.87 8.91 2500.81 3.86
1104.62 8.96 2507.37 5.01
1120.68 8.96 2509.00 4.57
1137.62 8.83 2507.62 6.95
1154.06 8.99 2498.75 9.22
1170.43 8.90 2484.50 11.22
1187.00 8.96 2468.06 14.22
1203.50 8.98 2446.18 15.64
1220.00 8.82 2420.31 17.92
1236.50 8.98 2388.87 20.07
1252.75 8.93 2353.31 21.53
1269.25 8.98 2313.68 22.79
1285.87 8.90 2270.50 25.52
1302.31 8.76 2223.56 27.47
1318.81 8.90 2175.62 31.16
1335.12 8.85 2119.62 29.84
1351.43 8.71 2064.12 30.34
1367.87 8.90 2005.62 32.12
1384.31 8.76 1944.68 32.86
1401.18 8.82 1882.18 31.71
1417.43 8.79 1818.81 33.30
1433.81 8.64 1752.56 34.45
1450.25 8.81 1685.81 34.66
1466.68 8.70 1619.93 34.32
1483.62 8.77 1550.18 34.26
1499.93 8.75 1483.81 33.77
1516.18 8.65 1416.00 33.24
1532.75 8.78 1352.25 33.63
1549.18 8.65 1288.62 33.86
1565.68 8.74 1222.50 31.50
1581.93 8.72 1158.93 30.67
1598.31 8.58 1099.43 29.80
1614.75 8.76 1041.06 28.13
1631.25 8.61 985.75 27.55
1647.62 8.73 933.00 25.50
1664.18 8.63 879.12 24.28
1680.62 8.48 834.50 16.89
1697.00 8.68 786.75 22.81
1713.43 8.58 749.87 19.49
1729.68 8.71 711.06 18.64
1746.31 8.58 678.18 14.43
1762.81 8.40 648.62 12.85
1779.18 8.62 624.18 11.31
1795.50 8.56 604.12 8.82
1811.81 8.40 585.75 6.78
1828.25 8.61 574.31 5.44
1845.25 8.27 565.50 4.85
1861.62 8.47 561.50 4.36
1877.93 8.41 563.68 5.51
1894.25 8.27 566.18 9.61
1910.81 8.70 576.43 8.25
1927.31 8.50 591.25 8.42
1944.12 8.53 607.25 11.25
1960.50 8.45 628.25 11.36
1976.81 8.58 653.87 14.78
1993.25 8.52 683.50 22.70
2009.75 8.35 713.93 18.22
2026.62 8.56 753.00 19.80
2042.93 8.47 789.68 21.36
2059.37 8.53 832.25 22.55
2075.75 8.53 872.56 26.51
2092.18 8.37 923.87 25.91
2108.62 8.49 972.50 25.96
2125.06 8.44 1025.00 26.41
2141.50 8.32 1078.87 26.58
2157.93 8.51 1130.43 26.76
2174.37 8.35 1187.75 26.99
2190.75 8.52 1244.87 27.86
2207.06 8.46 1301.62 28.05
2223.62 8.30 1358.75 27.59
2240.06 8.49 1416.31 27.16
2256.43 8.34 1473.68 28.43
2272.87 8.51 1530.93 26.77
2289.18 8.46 1588.37 27.55
2305.68 8.28 1643.31 24.44
2322.06 8.47 1697.93 24.85
2338.43 8.35 1750.87 25.19
2354.87 8.47 1802.31 22.45
2371.25 8.41 1850.75 21.44
2387.68 8.28 1899.81 21.53
2404.12 8.45 1942.81 20.77
2420.50 8.34 1986.93 18.87
2436.93 8.46 2026.93 18.34
2453.18 8.46 2063.00 16.44
2469.81 8.28 2095.93 13.53
2486.25 8.47 2125.50 12.88
2502.50 8.39 2151.93 10.57
2518.93 8.47 2177.18 10.11
2535.25 8.47 2195.87 7.29
2551.68 8.31 2211.68 6.53
2568.25 8.43 2226.87 7.30
2584.43 8.36 2235.50 4.70
2600.87 8.24 2239.50 3.74
2617.31 8.42 2241.50 3.69
2633.81 8.22 2241.62 10.34
2650.18 8.42 2232.43 6.43
2666.50 8.34 2224.25 7.78
2682.93 8.22 2214.68 9.35
2699.37 8.40 2194.81 11.32
2715.87 8.21 2176.43 11.90
2732.18 8.43 2152.50 13.88
2748.56 8.31 2128.18 15.38
2765.00 8.19 2099.56 16.13
2781.43 8.38 2067.50 18.03
2797.93 8.18 2033.12 18.48
2814.25 8.35 1995.68 18.92
2830.62 8.31 1956.93 20.37
2847.12 8.19 1916.81 20.31
2863.50 8.38 1874.81 22.22
2879.93 8.24 1830.31 22.84
2896.37 8.35 1783.37 22.59
2912.62 8.84 1736.37 25.68
2929.37 8.87 1688.12 27.48
2945.68 8.83 1639.81 26.02
2962.12 8.96 1591.18 25.87
2978.50 8.81 1540.50 26.26
2994.68 8.83 1491.43 24.26
3011.37 8.89 1441.12 26.18
3027.75 8.86 1394.43 24.69
3044.18 8.96 1345.00 25.29
3060.62 8.84 1298.18 24.31
3076.81 8.82 1251.43 23.42
3093.43 8.84 1207.81 21.59
3110.00 8.70 1161.93 21.01
3126.43 8.65 1122.37 18.82
3142.93 8.74 1083.37 19.29
3159.18 8.73 1044.93 18.96
3175.75 8.78 1009.18 17.61
3192.12 8.73 976.68 15.81
3208.43 8.64 945.25 16.35
3225.00 8.73 920.75 14.00
3241.31 8.71 895.06 11.08
3257.81 8.77 872.50 9.77
3274.18 8.73 853.31 8.60
3290.43 8.64 837.93 7.10
3306.93 8.71 825.93 6.34
3323.31 8.71 813.81 8.17
3339.75 8.81 808.56 7.67
3356.18 8.73 806.37 3.28
3372.37 8.65 805.56 4.20
3388.81 8.77 809.31 5.45
3405.37 8.69 814.56 5.54
3421.75 8.83 824.37 7.56
3438.25 8.71 836.87 9.11
3454.50 8.63 849.75 16.50
3471.06 8.79 870.75 10.93
3487.50 8.72 890.93 12.96
3503.87 8.84 914.37 13.25
3520.37 8.77 939.37 15.16
3536.56 8.66 968.00 16.13
3553.06 8.79 997.81 16.92
3569.62 8.64 1029.62 17.41
3585.93 8.52 1066.06 19.01
3602.43 8.67 1100.62 17.93
3618.68 8.61 1137.25 19.56
3635.18 8.72 1175.43 20.82
3651.62 8.64 1216.75 20.81
3668.00 8.48 1256.50 20.90
3684.43 8.65 1298.31 22.07
3700.75 8.58 1339.75 20.87
3717.25 8.70 1380.87 21.90
3733.62 8.64 1426.18 20.88
3750.37 8.43 1467.93 20.89
3766.75 8.57 1510.87 19.98
3783.12 8.54 1552.06 20.68
3799.62 8.64 1594.87 19.08
3815.93 8.59 1634.43 19.03
3832.43 8.44 1670.06 20.81
3848.68 8.64 1710.37 18.37
3865.18 8.54 1747.81 16.96
3881.56 8.65 1781.43 16.04
3898.00 8.59 1815.12 15.16
3914.50 8.67 1847.37 15.07
3930.81 8.85 1877.37 13.13
3947.18 8.78 1903.68 12.18
3963.68 8.87 1928.25 11.58
3980.12 8.80 1952.06 10.68
3996.43 8.68 1972.06 8.85
4012.93 8.90 1989.25 8.54
4029.31 8.83 2000.06 8.86
4046.00 8.80 2017.06 5.80
4062.31 8.75 2026.37 4.36
4078.68 8.69 2033.75 4.10
4095.12 8.78 2038.00 5.70
4111.81 8.73 2041.00 4.36
4128.62 8.81 2043.31 12.17
4144.81 8.80 2035.43 6.09
4161.18 8.71 2028.75 5.59
4177.81 8.80 2020.81 7.55
4193.93 8.81 2009.62 8.08
4210.62 8.78 1996.43 9.83
4226.93 8.78 1979.37 13.55
4243.25 8.70 1959.62 11.24
4259.81 8.76 1938.25 11.91
4276.06 8.77 1915.75 13.11
4292.62 8.78 1891.50 13.74
4308.93 8.78 1864.81 15.13
4325.25 8.70 1836.06 14.50
4341.75 8.76 1806.75 16.65
4358.00 8.80 1775.06 16.75
4374.56 8.56 1746.43 21.11
4391.00 8.76 1708.87 16.68
4407.25 8.73 1675.18 18.43
4423.87 8.73 1638.12 18.01
4440.12 8.77 1602.25 17.93
4456.56 8.57 1566.81 19.27
4473.25 8.84 1531.50 18.27
4489.50 8.81 1494.68 18.24
4506.18 8.82 1457.18 18.90
4522.31 8.83 1421.81 17.02
4538.81 8.64 1385.81 17.69
4555.25 8.84 1350.87 17.01
4571.62 8.73 1317.87 15.97
4588.18 8.82 1284.25 15.16
4604.37 8.79 1252.50 15.58
4620.75 8.69 1222.12 14.39
4637.31 8.80 1191.50 13.74
4653.62 8.73 1163.25 13.78
4670.12 8.81 1138.43 11.48
4686.43 8.76 1114.87 11.28
4702.81 8.66 1093.37 11.82
4719.25 8.78 1071.00 9.15
4735.62 8.74 1054.31 10.57
4752.12 8.81 1035.31 8.03
4768.43 8.76 1021.12 7.32
4784.81 8.66 1009.06 5.47
4801.25 8.78 1000.56 5.23
4817.50 8.78 992.31 4.52
4834.25 8.60 987.00 4.40
4850.56 8.77 984.75 5.30
4867.00 8.70 983.62 4.37
4883.43 8.78 986.06 5.30
4899.75 8.79 989.62 5.15
4916.50 9.67 995.56 7.87
4932.93 9.88 1007.87 11.23
4949.50 9.76 1016.25 10.30
4965.81 9.64 1028.93 9.70
4982.18 9.84 1043.50 11.12
4998.62 9.65 1061.00 11.99
5015.00 9.89 1078.00 15.38
5031.56 9.78 1099.62 13.42
5047.87 9.66 1121.87 14.64
5064.31 9.83 1146.81 15.56
5080.68 9.71 1170.50 15.93
5097.06 9.86 1196.56 16.40
5113.68 9.72 1224.43 16.95
5130.00 9.69 1251.93 17.54
5146.37 9.86 1281.87 16.81
5162.81 9.73 1311.12 18.42
5179.12 9.67 1340.87 18.28
5195.68 9.80 1372.68 17.21
5212.06 9.67 1403.62 18.06
5228.43 9.85 1435.00 17.88
5244.87 9.71 1466.62 17.30
5261.18 9.65 1496.37 20.82
5277.62 9.81 1527.93 16.35
5294.06 9.67 1558.56 16.25
5310.37 9.83 1588.31 16.41
5326.87 9.71 1619.37 28.10
5343.18 9.65 1645.50 14.28
5359.62 9.81 1671.62 14.45
5375.93 9.64 1697.31 13.12
5392.43 9.84 1720.68 12.66
5409.00 9.70 1745.25 12.34
5425.31 9.63 1767.37 11.08
5441.75 9.79 1788.12 9.40
5458.06 9.63 1807.43 9.15
5474.50 9.87 1824.12 9.47
5491.06 9.72 1840.87 12.89
5507.31 9.64 1851.62 7.39
5523.68 9.85 1863.43 6.37
5540.18 9.68 1873.56 5.51
5556.43 9.88 1884.18 9.73
5573.18 9.63 1886.50 4.43
5589.56 9.56 1890.87 4.61
5605.93 9.72 1892.62 4.51
5622.37 9.64 1891.62 4.68
5638.68 9.53 1889.12 6.55
5655.12 9.67 1884.06 5.51
5671.56 9.56 1878.93 6.55
5687.93 9.72 1870.75 7.10
5704.31 9.62 1860.62 8.30
5720.68 9.53 1849.87 9.66
5737.12 9.67 1834.62 9.41
5753.56 9.56 1819.00 11.06
5769.87 9.70 1804.37 10.80
5786.31 9.62 1785.68 11.28
5802.68 9.53 1765.81 13.10
5819.12 9.67 1746.06 13.01
5835.56 9.56 1723.75 13.26
5851.93 9.70 1697.87 14.85
5868.37 9.62 1677.75 15.11
5884.75 9.54 1652.68 14.62
5901.18 9.68 1627.12 15.55
5917.62 9.78 1602.37 15.41
5934.06 9.91 1575.43 16.00
5950.50 9.84 1549.56 14.71
5966.81 9.73 1522.68 14.81
5983.25 9.93 1496.00 16.02
5999.68 9.77 1468.68 14.42
6016.25 10.03 1442.75 15.85
6032.68 9.95 1415.43 15.34
6049.31 9.76 1388.75 14.48
6065.81 9.92 1364.25 14.55
6082.12 9.86 1339.87 13.37
6098.56 9.90 1315.93 12.91
6115.06 9.85 1293.18 11.98
6131.75 9.94 1271.25 12.37
6148.25 10.11 1249.37 12.73
6164.50 10.02 1230.50 11.00
6180.93 10.14 1212.75 9.45
6197.50 10.01 1195.25 9.85
6213.87 9.90 1183.50 12.19
6230.31 10.09 1169.62 12.26
6246.62 9.99 1152.93 7.63
6263.06 10.11 1143.06 5.78
6279.43 10.03 1133.56 5.12
6295.87 9.90 1129.06 7.46
6312.18 10.06 1121.62 4.97
6328.62 9.99 1117.81 4.98
6345.00 9.90 1114.68 4.52
6361.37 10.04 1114.68 5.46
6377.87 9.90 1114.00 5.11
6394.31 10.05 1117.00 5.41
6410.81 9.98 1121.75 8.14
6427.18 9.89 1128.56 6.60
6443.62 10.03 1135.06 9.84
6460.06 9.90 1143.50 10.84
6476.81 10.37 1156.37 9.02
6493.31 10.27 1169.50 9.90
6509.62 10.15 1180.06 10.30
6526.00 10.38 1196.50 11.44
6542.43 10.19 1212.56 12.78
6558.81 10.37 1229.43 11.57
6575.31 10.27 1246.12 17.42
6591.56 10.15 1267.43 12.82
6608.06 10.36 1288.81 12.46
6624.43 10.23 1308.56 12.76
6640.81 10.39 1330.25 13.43
6657.31 10.27 1353.37 13.22
6673.56 10.15 1374.00 13.56
6690.06 10.36 1395.06 15.06
6706.43 10.23 1419.56 13.61
6722.87 10.35 1443.62 14.42
6739.25 10.29 1465.06 14.10
6755.62 10.13 1490.06 13.30
6772.00 10.31 1510.56 13.76
6788.50 10.22 1533.93 14.50
6804.87 10.13 1554.56 12.84
6821.31 10.27 1576.75 11.80
6838.06 10.24 1600.18 14.12
6854.37 10.43 1619.06 14.91
6870.87 10.30 1637.12 11.28
6887.25 10.28 1655.37 11.43
6903.68 10.36 1672.43 9.71
6920.12 10.44 1687.56 9.43
6936.75 10.59 1703.00 9.32
6953.18 10.50 1716.56 7.79
6969.62 10.59 1730.50 6.69
6985.87 10.59 1740.18 12.22
7002.43 10.42 1751.06 6.79
7018.87 10.64 1762.87 9.92
7035.18 10.55 1767.31 5.85
7051.56 10.42 1774.93 5.67
7068.00 10.61 1777.31 4.52
7084.37 10.49 1780.68 5.79
7100.93 10.59 1782.12 5.38
7117.31 10.53 1781.43 5.45
7133.75 10.50 1780.06 4.97
7150.06 10.66 1777.18 6.04
7166.56 10.52 1775.00 10.16
7183.00 10.63 1766.62 8.00
7199.50 10.51 1759.56 8.26
7215.93 10.45 1750.93 8.85
7232.25 10.61 1741.06 8.68
7248.62 10.49 1730.81 10.17
7265.18 10.58 1716.87 11.40
7281.50 10.51 1705.37 10.46
7297.93 10.45 1691.62 10.41
7314.25 10.61 1676.50 13.09
7330.62 10.49 1661.31 11.21
7347.12 10.63 1644.00 11.62
7363.50 10.51 1625.43 11.48
7379.81 10.42 1608.12 13.35
7396.31 10.60 1590.18 12.39
7412.62 10.51 1570.43 12.73
7429.12 10.58 1550.93 12.26
7445.56 10.50 1531.62 12.31
7461.93 10.47 1514.68 14.52
7478.37 10.66 1493.56 14.47
7494.68 10.56 1472.68 12.83
7511.18 10.49 1454.25 15.17
7527.50 10.64 1433.25 12.40
7543.87 10.44 1415.00 12.55
7560.31 10.63 1396.06 11.00
7576.75 10.54 1378.06 11.23
7593.18 10.54 1361.06 13.32
7609.50 10.64 1344.18 10.42
7625.81 10.54 1328.43 10.11
7642.37 10.61 1311.62 9.79
7658.68 10.53 1299.37 11.01
7675.18 10.54 1284.62 9.14
7691.50 10.64 1271.31 7.85
7707.75 10.54 1262.25 8.71
7724.37 10.61 1250.50 7.16
7740.68 10.53 1240.56 5.80
7757.18 10.46 1231.37 6.94
7773.50 10.61 1226.12 5.89
7789.81 10.52 1219.31 5.86
7806.43 10.59 1216.56 5.43
7822.75 10.51 1212.37 4.39
7839.12 10.46 1212.00 6.02
7855.56 10.64 1209.50 5.50
7871.87 10.55 1210.87 4.07
7888.50 10.62 1211.50 5.34
7904.81 10.54 1215.68 7.96
7921.12 10.46 1219.25 5.05
7937.62 10.65 1226.06 5.55
7953.93 10.55 1230.87 5.08
7970.56 10.62 1240.06 7.06
7986.81 10.61 1246.81 6.65
8003.18 10.47 1258.68 8.29
8020.06 10.96 1268.87 8.86
8036.37 10.86 1281.37 8.47
8052.93 11.08 1294.00 9.68
8069.25 10.91 1306.81 9.57
8085.56 10.94 1320.75 10.17
8102.18 10.96 1335.25 10.70
8118.50 10.85 1352.81 15.02
8135.06 11.11 1365.62 9.82
8151.43 10.94 1382.62 10.75
8167.62 10.95 1398.31 10.73
8184.25 10.99 1414.62 10.30
8200.62 10.87 1433.00 10.11
8217.00 10.87 1448.25 10.25
8233.37 10.96 1465.93 11.19
8249.62 10.87 1481.75 10.37
8266.31 10.98 1499.68 10.23
8282.62 10.87 1517.56 11.63
8299.00 10.87 1533.00 9.99
8315.31 10.98 1548.25 9.31
8331.62 10.87 1564.93 9.16
8348.31 10.98 1577.00 8.89
8364.56 10.87 1593.50 9.05
8381.00 10.87 1605.31 8.18
8397.68 11.03 1619.31 7.60
