1.81 0.39 1447.12 61.82
20.50 8.91 1357.81 53.72
37.06 9.03 1269.12 51.02
53.31 8.95 1179.31 50.04
69.75 9.11 1093.81 48.69
86.12 9.01 1007.37 46.58
102.50 8.92 923.43 44.24
119.06 9.04 843.00 43.55
135.37 8.94 764.68 41.23
151.81 9.11 688.87 39.21
168.18 9.01 618.56 37.59
184.62 8.89 548.68 35.63
201.12 9.03 482.37 33.03
217.50 8.92 423.50 31.23
233.81 9.11 366.18 29.29
250.25 9.00 313.12 26.17
266.68 8.88 265.75 23.83
283.12 9.03 223.25 21.37
299.50 8.92 186.81 17.94
315.75 8.87 154.00 15.36
332.25 9.00 127.56 11.56
348.62 8.89 107.75 9.36
365.12 9.03 90.12 7.47
381.43 8.94 82.50 4.81
397.81 8.85 78.50 4.69
414.31 8.98 80.75 5.59
430.62 8.89 88.43 8.48
447.12 9.04 100.18 9.98
463.43 8.94 116.75 13.57
479.81 8.85 138.06 16.28
496.37 8.97 164.56 18.23
512.62 8.89 194.87 20.08
529.25 9.01 229.68 23.51
545.43 8.95 269.31 25.29
561.81 8.85 313.18 27.11
578.43 8.96 361.87 29.35
594.68 8.87 414.12 30.80
611.12 9.04 470.25 32.79
627.43 8.96 530.87 35.47
643.87 8.83 593.56 36.03
660.43 8.96 659.68 37.95
677.18 9.14 731.00 43.33
693.56 9.35 806.62 42.36
709.93 9.23 880.50 42.88
726.31 9.11 956.50 44.69
742.93 9.23 1039.62 45.20
759.18 9.14 1115.75 45.40
775.62 9.33 1198.50 46.15
792.06 9.19 1282.81 46.52
808.31 9.11 1362.68 46.47
825.06 9.19 1446.87 46.44
841.31 9.10 1530.87 45.05
857.62 9.28 1612.50 44.51
874.12 9.17 1695.18 43.88
890.31 9.10 1776.62 44.01
906.93 9.23 1856.93 44.95
923.31 9.11 1934.18 42.03
939.68 9.26 2011.75 40.45
956.18 9.14 2083.00 41.40
972.43 9.06 2157.62 37.49
989.12 9.17 2224.50 35.96
1005.75 9.06 2291.43 33.03
1022.00 9.23 2354.75 31.18
1038.50 9.12 2412.93 29.40
1054.81 9.03 2468.43 26.97
1071.31 9.18 2518.37 24.95
1087.75 9.06 2565.68 23.12
1104.37 9.01 2609.81 20.00
1120.93 9.15 2648.31 19.01
1137.25 9.06 2679.62 15.13
1154.06 9.26 2709.75 13.77
1170.62 9.15 2736.06 10.42
1186.81 9.06 2754.12 8.98
1203.75 9.16 2768.50 6.44
1220.12 9.05 2777.06 6.11
1236.43 9.21 2782.43 7.14
1252.87 9.14 2779.50 5.87
1269.18 9.01 2773.50 7.48
1285.68 9.20 2763.12 9.68
1302.12 9.05 2746.56 11.94
1318.31 9.22 2726.50 15.10
1334.87 9.14 2700.68 18.00
1351.12 9.05 2670.25 19.81
1367.62 9.18 2636.50 22.05
1384.18 9.02 2596.81 23.78
1400.43 9.17 2553.87 26.19
1416.87 9.14 2507.31 28.06
1433.18 9.02 2456.18 30.68
1449.68 9.16 2401.25 31.87
1466.12 9.06 2345.56 34.81
1482.31 9.22 2280.81 35.71
1498.87 9.11 2219.18 36.77
1515.25 8.99 2151.31 37.17
1531.68 9.11 2081.31 39.13
1548.12 9.03 2010.25 40.13
1564.31 8.96 1937.25 40.55
1581.00 9.07 1861.18 41.48
1597.43 8.94 1785.68 41.77
1613.81 9.07 1707.50 42.31
1630.18 9.01 1630.50 40.63
1646.50 8.90 1550.87 42.32
1663.00 9.07 1472.56 42.95
1679.62 9.41 1393.18 44.95
1696.00 9.54 1315.18 44.39
1712.31 9.52 1237.68 43.37
1728.68 9.37 1162.62 41.85
1745.12 9.58 1089.31 41.02
1761.62 9.41 1015.68 40.25
1777.93 9.57 942.37 39.93
1794.37 9.49 873.75 37.28
1810.68 9.38 809.25 36.64
1827.18 9.51 743.12 36.87
1843.68 9.36 683.68 32.92
1859.93 9.31 626.87 31.37
1876.50 9.43 573.25 29.76
1892.75 9.35 520.06 26.63
1909.25 9.48 470.68 24.80
1925.68 9.38 431.81 20.44
1942.00 9.28 392.43 19.30
1958.50 9.40 357.18 19.10
1974.87 9.29 327.56 15.15
1991.25 9.43 301.43 12.56
2007.62 9.37 279.68 8.95
2024.06 9.25 265.43 9.10
2040.50 9.40 253.31 5.95
2056.87 9.29 247.31 5.11
2073.25 9.43 244.06 4.58
2089.62 9.37 244.68 12.31
2106.12 9.26 253.81 8.78
2122.56 9.42 265.00 11.28
2139.00 9.33 282.25 12.67
2155.43 9.49 301.87 15.92
2171.75 9.42 328.31 17.72
2188.12 9.27 357.81 19.43
2204.50 9.51 392.68 21.28
2221.00 9.33 430.06 23.48
2237.37 9.52 472.31 26.03
2253.75 9.42 520.37 29.83
2270.06 9.30 566.00 30.58
2286.50 9.51 617.68 31.83
2302.87 9.38 673.37 32.94
2319.25 9.26 732.12 33.74
2335.68 9.42 792.81 36.69
2352.00 9.33 859.00 36.65
2368.50 9.51 921.18 40.21
2384.93 9.36 991.81 39.30
2401.31 9.24 1061.12 39.34
2417.68 9.42 1132.75 40.17
2434.06 9.31 1204.12 40.64
2450.56 9.49 1281.56 41.39
2466.93 9.36 1351.43 41.97
2483.43 9.20 1425.75 41.00
2499.75 9.40 1499.62 41.84
2516.18 9.27 1574.43 40.57
2532.62 9.47 1649.12 48.47
2549.00 9.36 1719.31 40.14
2565.43 9.20 1791.18 38.60
2581.81 9.39 1861.25 37.98
2598.25 9.25 1930.06 36.68
2614.62 9.44 1993.50 35.24
2631.06 9.34 2059.06 35.27
2647.43 9.17 2121.93 32.85
2663.75 9.48 2181.56 32.25
2680.50 9.95 2237.37 30.18
2696.87 10.14 2291.25 29.77
2713.25 10.04 2341.25 27.28
2729.68 10.16 2384.62 15.94
2745.93 10.16 2430.62 23.86
2762.43 9.99 2470.37 19.96
2778.87 10.09 2505.43 18.81
2795.25 10.02 2536.12 16.75
2811.68 9.88 2563.87 14.09
2828.25 10.04 2586.37 10.86
2844.62 9.92 2604.93 9.55
2861.00 10.04 2619.62 7.30
2877.37 9.98 2629.00 6.47
2893.68 9.88 2633.62 5.12
2910.25 10.04 2635.93 5.74
2926.75 9.87 2632.37 6.33
2943.06 10.02 2624.25 8.92
2959.43 9.95 2611.50 10.58
2975.81 9.84 2595.68 13.39
2992.25 10.04 2574.62 15.50
3008.68 9.91 2547.87 18.33
3025.06 10.02 2520.25 19.73
3041.43 9.95 2485.75 22.33
3057.81 9.84 2449.87 24.17
3074.18 10.02 2409.87 26.06
3090.68 9.95 2365.31 28.13
3107.12 10.03 2319.43 24.31
3123.50 9.97 2269.00 32.78
3140.06 9.94 2213.37 33.36
3156.43 10.12 2157.18 35.51
3172.75 10.00 2101.81 36.56
3189.25 10.14 2039.93 37.67
3205.62 10.03 1975.68 37.37
3222.06 9.94 1911.50 38.89
3238.37 10.10 1845.25 39.60
3254.81 10.00 1777.50 40.33
3271.12 9.90 1709.25 41.21
3287.50 10.09 1638.93 41.42
3304.06 9.94 1570.68 41.53
3320.31 10.11 1500.43 41.94
3336.75 10.00 1433.43 42.30
3353.06 9.94 1361.06 40.06
3369.43 10.12 1292.75 39.67
3386.25 9.89 1224.12 39.41
3402.43 10.09 1156.50 35.29
3418.81 9.99 1091.56 37.61
3435.25 9.89 1027.12 36.07
3451.56 10.09 964.50 35.75
3468.18 9.92 905.06 33.79
3484.50 10.07 847.50 33.15
3500.93 9.95 792.68 30.83
3517.31 9.87 739.93 27.62
3533.62 10.07 692.00 27.48
3550.12 9.89 644.68 25.14
3566.50 10.07 602.18 23.72
3583.25 9.93 560.25 22.27
3599.56 9.86 525.68 18.78
3615.93 10.06 494.93 16.50
3632.37 9.92 465.75 15.37
3648.75 10.05 441.18 12.35
3665.37 9.97 421.93 10.74
3681.75 10.11 405.00 7.95
3698.00 10.28 391.56 6.05
3714.56 10.17 385.56 5.97
3730.87 10.29 381.18 5.46
3747.18 10.29 381.81 5.33
3763.75 10.11 386.75 7.28
3779.93 10.30 395.56 9.87
3796.50 10.18 408.37 11.47
3812.87 10.32 424.06 14.19
3829.25 10.27 445.43 14.44
3845.81 10.09 471.00 17.75
3862.06 10.27 500.81 19.82
3878.50 10.17 532.56 21.53
3894.87 10.32 567.12 23.95
3911.43 10.22 607.56 26.07
3927.93 10.09 649.62 27.66
3944.25 10.22 697.18 29.53
3960.62 10.14 745.00 32.15
3977.06 10.27 794.50 32.84
3993.43 10.22 847.18 34.28
4009.93 10.02 904.06 35.45
4026.25 10.22 964.06 35.03
4042.62 10.14 1018.31 38.48
4059.00 10.05 1085.75 37.42
4075.37 10.25 1146.31 40.11
4091.87 10.16 1210.93 38.15
4108.25 10.26 1275.50 39.71
4124.68 10.16 1341.25 40.22
4141.37 10.25 1408.12 40.44
4157.62 10.41 1473.93 39.73
4174.18 10.36 1539.12 39.82
4190.50 10.42 1604.68 39.42
4206.75 10.39 1669.25 38.97
4223.37 10.25 1732.18 39.26
4239.62 10.41 1796.00 37.40
4256.18 10.36 1857.25 36.49
4272.50 10.42 1916.87 36.01
4288.75 10.39 1975.75 33.41
4305.37 10.25 2031.50 32.99
4321.62 10.41 2083.37 31.36
4338.12 10.37 2135.31 30.07
4354.43 10.47 2184.37 29.39
4370.75 10.39 2229.93 26.69
4387.43 10.24 2272.12 24.77
4403.68 10.40 2311.50 22.95
4420.18 10.36 2346.12 21.64
4436.50 10.46 2380.31 18.60
4452.87 10.37 2409.43 16.27
4469.43 10.24 2435.56 14.85
4485.87 10.35 2457.68 11.75
4502.25 10.35 2474.68 10.46
4518.62 10.20 2488.81 9.35
4534.93 10.37 2499.12 7.29
4551.43 10.26 2504.31 7.21
4567.75 10.37 2507.50 6.36
4584.18 10.28 2506.50 8.81
4600.62 10.21 2499.12 10.70
4616.93 10.36 2492.37 9.64
4633.50 10.27 2477.81 11.58
4649.87 10.38 2460.81 12.97
4666.18 10.36 2439.50 16.24
4683.06 11.54 2414.31 21.12
4699.43 11.71 2386.62 22.63
4715.87 11.65 2355.25 25.21
4732.31 11.72 2320.37 26.83
4748.56 11.67 2282.06 28.70
4765.06 11.54 2240.87 31.47
4781.43 11.71 2196.43 32.75
4797.81 11.67 2149.87 34.40
4814.43 11.72 2100.50 35.97
4830.68 11.64 2049.18 36.82
4847.25 11.50 1996.50 37.38
4863.56 11.69 1940.43 39.37
4880.00 11.63 1882.68 40.86
4896.37 11.71 1824.68 43.06
4912.75 11.63 1765.50 42.25
4929.31 11.49 1703.25 41.49
4945.56 11.66 1642.43 44.30
4962.00 11.63 1581.93 42.27
4978.43 11.70 1520.18 42.93
4994.68 11.64 1456.25 42.92
5011.31 11.49 1396.43 43.02
5027.56 11.66 1334.50 41.76
5043.87 11.57 1273.25 41.20
5060.37 11.71 1211.18 43.45
5076.62 11.68 1154.18 38.65
5093.37 11.51 1098.37 38.65
5109.62 11.68 1041.25 37.11
5126.00 11.61 988.25 37.74
5142.43 11.55 934.50 35.37
5158.75 11.73 885.00 33.47
5175.37 11.61 838.18 32.70
5191.68 11.72 793.56 30.79
5208.12 11.69 753.12 30.47
5224.43 11.55 712.06 25.62
5240.75 11.73 675.62 23.56
5257.31 11.65 645.87 23.26
5273.68 11.72 612.25 19.20
5290.00 11.75 586.75 17.45
5306.43 11.55 562.25 15.39
5322.75 11.73 543.75 12.68
5339.25 11.66 528.75 10.52
5355.56 11.76 516.06 10.72
5371.87 11.69 506.43 7.98
5388.75 11.55 501.68 7.52
5405.00 11.71 502.50 6.87
5421.50 11.68 504.25 8.53
5437.87 11.76 511.00 9.49
5454.18 11.70 521.12 10.98
5470.75 11.55 534.00 13.93
5487.06 11.70 551.93 16.55
5503.50 11.69 574.56 17.46
5519.93 11.75 597.50 19.89
5536.18 11.73 619.00 40.01
5552.81 11.54 655.87 24.73
5569.06 11.70 689.50 25.47
5585.56 11.69 728.93 28.37
5602.00 11.54 767.87 33.69
5618.25 11.73 808.87 31.49
5634.81 11.60 852.37 33.30
5651.12 11.71 902.06 34.44
5667.75 11.75 949.31 36.12
5684.37 12.05 1000.75 37.43
5700.43 12.00 1056.00 40.28
5717.06 11.94 1108.31 40.24
5733.43 12.00 1164.18 40.61
5749.68 12.03 1220.56 39.57
5766.37 12.05 1277.31 41.33
5782.43 12.00 1333.43 41.97
5799.00 11.96 1394.81 42.29
5815.43 12.05 1452.62 41.95
5831.68 11.96 1509.75 41.30
5848.31 12.05 1571.18 41.22
5864.50 11.99 1626.56 41.28
5881.00 11.97 1684.43 40.02
5897.43 12.05 1742.00 39.93
5914.06 11.96 1796.37 39.07
5930.56 11.84 1850.50 37.46
5946.81 11.99 1904.43 36.61
5963.31 11.99 1953.25 34.83
5979.75 12.04 2001.25 33.57
5996.00 11.95 2048.37 31.44
6012.56 11.84 2091.25 30.64
6028.81 11.99 2131.87 28.45
6045.25 11.96 2172.50 26.46
6061.75 12.04 2207.75 24.32
6077.87 12.00 2239.75 22.24
6094.68 11.96 2271.50 20.61
6111.06 12.07 2298.31 19.00
6127.43 12.02 2322.75 15.49
6144.50 12.56 2344.12 14.33
6160.56 12.51 2360.56 11.87
6177.12 12.34 2374.12 11.88
6193.56 12.51 2385.50 8.15
6209.81 12.47 2391.81 5.62
6226.50 12.56 2392.68 5.68
6242.56 12.51 2394.06 5.62
6259.06 12.39 2388.87 7.60
6275.56 12.51 2382.50 10.56
6291.81 12.47 2370.87 11.31
6308.37 12.58 2356.87 12.75
6324.56 12.51 2339.31 15.89
6341.00 12.41 2318.81 17.85
6357.50 12.56 2294.68 18.93
6373.81 12.47 2267.56 23.07
6390.37 12.38 2238.31 24.98
6406.68 12.52 2204.68 26.22
6423.06 12.42 2167.12 34.70
6439.56 12.57 2130.31 31.05
6455.81 12.47 2090.93 33.27
6472.31 12.36 2050.93 31.90
6488.93 12.51 2001.62 35.66
6505.25 12.41 1953.25 35.32
6521.87 12.56 1904.12 45.04
6538.00 12.51 1854.81 38.78
6554.62 12.33 1803.31 40.49
6570.93 12.51 1750.68 40.69
6587.25 12.41 1698.25 43.25
6603.87 12.56 1643.87 40.49
6620.00 12.51 1587.81 41.78
6636.56 12.26 1532.00 40.92
6652.93 12.51 1476.12 41.37
6669.31 12.51 1421.06 43.57
6686.00 12.79 1365.12 43.64
6702.12 12.74 1313.75 41.43
6718.56 12.60 1259.31 40.26
6735.06 12.73 1206.56 40.70
6751.37 12.71 1155.62 38.75
6767.93 12.78 1103.87 38.55
6784.12 12.74 1056.56 37.70
6800.50 12.63 1009.50 35.56
6817.31 12.77 963.43 33.42
6833.62 12.69 921.87 32.61
6850.25 12.76 880.00 30.44
6866.50 12.73 841.56 28.70
6882.81 12.62 807.12 29.84
6899.31 12.77 774.43 26.19
6915.62 12.69 742.37 23.49
6932.25 12.75 717.12 22.73
6948.50 12.73 690.75 18.01
6964.81 12.66 668.25 16.72
6981.37 12.77 651.00 14.54
6997.62 12.69 635.50 11.65
7014.25 12.75 624.93 10.07
7030.43 12.72 615.87 9.64
7046.75 12.65 613.25 5.75
7063.37 12.77 608.25 6.90
7079.56 12.73 609.87 6.44
7096.18 12.53 614.06 8.66
7112.50 12.74 622.87 9.11
7128.87 12.74 634.56 15.82
7145.50 12.87 647.93 12.67
7161.68 12.82 665.81 15.57
7178.25 12.73 686.93 18.18
7194.56 12.81 710.68 20.65
7210.87 12.74 737.62 23.54
7227.43 12.86 763.68 23.29
7243.68 12.82 797.75 25.79
7260.12 12.76 831.50 27.81
7276.56 12.81 868.87 29.81
7292.75 12.78 907.81 30.28
7309.43 12.86 950.43 33.21
7325.68 12.82 992.62 34.17
7342.12 12.76 1036.62 35.36
7358.50 12.87 1083.81 35.16
7374.75 12.78 1132.06 38.15
7391.43 12.86 1180.06 37.37
7407.68 12.82 1230.31 37.89
7424.00 12.72 1281.25 40.29
7440.50 12.87 1332.75 39.27
7456.75 12.78 1384.50 40.03
7473.43 12.86 1436.43 40.25
7489.68 12.82 1490.06 39.28
7505.93 12.75 1540.81 39.72
7522.56 12.88 1592.43 39.70
7538.75 12.83 1643.37 38.14
7555.37 12.68 1694.06 37.70
7571.68 12.82 1743.75 37.19
7587.93 12.75 1792.50 34.91
7604.56 12.88 1838.31 35.25
7620.75 12.83 1883.50 32.99
7637.37 12.74 1928.62 31.88
7653.62 12.82 1967.25 32.56
7670.43 13.36 2010.37 31.37
7687.06 13.33 2048.81 28.20
7703.31 13.47 2083.12 27.39
7719.75 13.37 2117.12 26.04
7736.18 13.46 2148.06 23.44
7752.37 13.42 2176.62 22.48
7769.06 13.33 2199.93 18.74
7785.31 13.47 2223.62 17.42
7801.68 13.37 2242.68 17.74
7818.18 13.53 2258.37 12.13
7834.43 13.43 2272.43 10.01
7851.06 13.33 2280.93 7.25
7867.31 13.47 2288.56 7.11
7883.62 13.35 2293.18 5.96
7900.12 13.34 2290.87 13.29
7916.43 13.43 2292.37 6.53
7933.06 13.33 2286.75 7.70
7949.31 13.47 2276.75 12.52
7965.56 13.38 2266.50 12.56
7982.12 13.34 2251.87 14.55
7998.43 13.43 2233.31 17.23
8015.06 13.33 2211.31 19.66
8031.31 13.47 2191.62 19.52
8047.56 13.38 2164.68 21.83
8064.12 13.34 2136.43 25.15
8080.37 13.48 2104.62 26.42
8097.37 13.61 2071.75 28.31
8113.68 13.73 2038.75 31.57
8130.18 13.82 1997.81 31.33
8146.62 13.68 1959.75 34.46
8162.93 13.92 1917.62 34.98
8179.43 13.70 1874.18 35.38
8195.87 13.93 1829.62 37.71
8212.06 13.88 1785.18 37.22
8228.62 13.68 1739.25 39.47
8244.93 13.92 1691.31 39.55
8261.31 13.76 1643.43 39.82
8277.87 13.93 1594.25 40.44
8294.06 13.88 1546.25 40.91
8310.56 13.68 1495.87 39.36
8326.93 13.92 1446.75 40.10
8343.25 13.79 1397.37 40.15
8359.75 13.80 1349.12 39.38
8376.06 13.88 1301.37 40.16
8392.56 13.68 1254.18 39.09
