1.93 0.24 1637.00 64.59
20.81 8.84 1567.68 44.66
37.12 9.01 1495.81 43.69
53.37 8.94 1420.87 41.22
70.00 8.79 1349.31 39.00
86.25 8.98 1280.50 39.10
102.81 8.84 1209.62 37.34
119.25 8.99 1143.31 37.66
135.43 8.93 1074.87 35.54
152.12 8.76 1011.00 34.59
168.25 8.99 946.68 32.68
184.87 8.83 885.25 31.01
201.25 8.73 827.00 30.75
217.56 8.91 770.25 29.77
234.12 8.76 717.62 28.77
250.31 8.98 664.00 26.19
266.87 8.84 614.62 25.58
283.31 8.72 565.87 25.14
299.62 8.91 524.93 23.04
316.06 8.78 482.62 21.05
332.43 8.95 443.62 20.58
348.93 8.83 409.00 18.59
365.31 8.72 377.31 17.51
381.56 8.91 347.56 13.55
398.25 8.74 322.00 13.79
414.56 8.93 300.56 13.13
431.00 8.82 280.43 12.71
447.37 8.71 267.00 9.78
463.68 8.88 256.62 7.79
480.25 8.74 249.00 7.66
496.62 8.91 246.56 6.78
513.00 8.82 245.06 7.99
529.43 8.69 247.56 7.24
545.68 8.89 251.37 7.37
562.31 8.74 258.06 6.02
578.62 8.91 266.56 7.19
595.12 8.79 277.50 8.38
611.50 8.68 290.31 8.33
627.81 9.12 303.00 10.39
644.43 8.96 320.56 10.40
660.75 9.13 339.06 12.16
677.25 9.01 357.56 12.35
693.56 8.92 379.12 15.41
709.93 9.08 401.62 14.45
726.43 8.96 427.12 15.77
742.87 9.09 454.06 18.55
759.25 9.00 481.50 19.08
775.75 8.86 513.56 18.29
792.00 9.06 547.06 20.37
808.62 8.90 579.37 19.20
825.00 9.05 613.87 19.51
841.31 8.97 651.18 21.92
857.87 8.82 688.25 22.36
874.12 9.02 726.93 20.69
890.68 8.88 765.00 24.96
907.06 9.03 810.12 22.89
923.37 8.95 851.68 23.37
939.93 8.81 894.93 23.32
956.18 9.00 939.06 23.46
972.81 8.84 983.43 24.48
989.06 8.77 1029.75 24.07
1005.37 8.94 1074.06 24.19
1022.00 8.79 1118.62 25.31
1038.18 8.99 1166.87 24.28
1054.81 8.84 1211.18 24.83
1071.12 8.75 1257.31 23.89
1087.43 8.93 1304.25 23.67
1104.00 8.79 1349.50 23.19
1120.31 8.97 1395.81 23.43
1136.87 8.82 1441.62 23.41
1153.18 8.74 1486.43 22.59
1169.43 8.94 1530.43 21.92
1186.06 8.77 1574.93 20.77
1202.37 8.96 1616.06 22.07
1218.68 8.87 1659.68 19.49
1235.25 8.73 1698.00 22.78
1251.43 8.94 1741.68 19.89
1268.12 8.76 1781.62 20.81
1284.43 8.94 1819.68 18.27
1300.75 8.86 1856.43 17.51
1317.25 8.73 1891.93 16.96
1333.81 8.92 1927.87 15.68
1350.31 8.77 1962.18 15.20
1366.75 8.94 1993.37 14.20
1383.06 8.85 2025.00 14.26
1399.56 8.71 2056.25 12.68
1415.87 8.91 2082.12 12.53
1432.37 8.77 2109.93 12.86
1448.81 8.67 2133.37 12.53
1465.12 8.85 2157.12 9.30
1481.62 8.69 2180.06 9.30
1497.93 8.90 2198.43 9.17
1514.43 8.76 2218.56 9.83
1530.81 8.67 2237.31 9.47
1547.12 8.84 2250.12 6.60
1563.93 8.73 2263.75 6.04
1580.31 8.89 2275.56 6.12
1596.81 8.77 2286.12 6.53
1613.18 8.67 2296.37 4.62
1629.75 9.07 2301.50 5.15
1646.31 9.14 2305.81 6.04
1662.56 9.09 2310.75 5.38
1679.06 9.22 2311.93 5.41
1695.43 9.10 2312.43 5.94
1711.68 9.08 2312.00 6.24
1728.37 9.12 2309.00 6.96
1744.68 9.03 2306.25 7.18
1761.18 9.17 2300.06 7.50
1777.68 9.02 2291.56 8.40
1794.00 8.98 2283.06 8.51
1810.56 9.05 2274.62 9.71
1826.93 8.96 2263.12 11.03
1843.37 9.12 2250.87 10.93
1859.68 9.03 2238.31 11.22
1876.00 8.94 2224.25 11.36
1892.62 9.03 2208.18 12.33
1909.00 8.94 2192.43 15.22
1925.43 9.10 2174.00 13.53
1941.75 9.00 2155.43 14.29
1958.00 8.94 2135.62 13.94
1975.06 8.97 2116.25 15.81
1991.37 8.93 2093.43 14.47
2007.68 8.85 2072.18 14.37
2024.12 8.96 2049.37 14.17
2040.50 8.88 2025.68 14.51
2057.06 8.96 2004.37 6.33
2073.50 8.88 1979.00 16.21
2089.75 8.83 1952.56 15.49
2106.25 8.91 1929.00 13.87
2122.56 8.86 1899.87 20.28
2139.18 8.92 1877.12 15.48
2155.50 8.86 1852.75 15.32
2171.81 8.80 1827.00 15.76
2188.25 8.91 1800.75 16.26
2204.56 8.86 1775.31 15.44
2221.18 8.92 1747.06 15.89
2237.50 8.86 1723.93 15.55
2253.87 8.79 1698.37 14.21
2270.31 8.89 1672.06 15.09
2286.68 8.82 1647.50 13.66
2303.18 8.93 1622.81 15.02
2319.56 8.85 1599.93 14.30
2335.87 8.78 1574.87 13.52
2352.37 8.89 1549.56 13.19
2368.75 8.83 1528.43 12.33
2385.18 8.96 1506.62 13.67
2401.75 8.84 1483.62 11.82
2417.93 8.78 1462.62 11.67
2434.43 8.87 1443.56 12.28
2450.81 8.81 1420.75 12.64
2467.12 8.74 1405.31 12.01
2483.68 8.80 1384.25 9.40
2499.93 8.77 1367.75 9.77
2516.43 8.87 1350.18 9.63
2532.87 8.79 1336.43 11.98
2549.25 8.69 1320.25 7.90
2565.62 8.85 1306.18 8.43
2581.93 8.80 1293.50 6.92
2598.50 8.88 1280.06 6.31
2614.93 8.80 1270.56 7.53
2631.56 9.40 1259.00 6.79
2647.87 9.55 1250.87 8.76
2664.18 9.49 1244.31 9.23
2680.75 9.33 1232.06 8.58
2697.18 9.49 1227.81 5.25
2713.50 9.43 1221.62 4.82
2729.81 9.57 1219.37 12.87
2746.37 9.42 1214.62 12.25
2762.87 9.28 1210.12 4.23
2779.37 9.44 1209.50 4.60
2795.62 9.39 1207.18 4.81
2812.06 9.23 1207.62 4.26
2828.68 9.34 1206.68 5.52
2845.06 9.25 1209.81 5.23
2861.62 9.37 1212.37 6.10
2877.81 9.30 1216.87 5.01
2894.31 9.16 1224.25 8.01
2910.75 9.31 1225.87 5.98
2927.18 9.19 1232.50 5.94
2943.56 9.34 1237.12 8.90
2959.81 9.29 1245.31 7.35
2976.37 9.17 1253.81 7.07
2992.81 9.32 1262.12 6.59
3009.12 9.24 1272.81 9.27
3025.62 9.39 1281.75 7.55
3041.87 9.30 1292.00 7.96
3058.43 9.14 1304.62 8.97
3074.87 9.30 1315.93 8.41
3091.18 9.22 1327.43 9.26
3107.81 9.31 1341.06 8.05
3124.00 9.26 1353.18 8.75
3140.43 9.14 1364.62 10.71
3156.93 9.28 1381.18 8.71
3173.25 9.20 1395.18 9.54
3189.75 9.34 1408.50 9.45
3206.00 9.26 1424.81 9.65
3222.43 9.14 1439.75 9.42
3238.93 9.28 1453.62 9.58
3255.25 9.21 1468.12 9.65
3271.81 9.06 1484.25 9.13
3288.06 9.24 1497.93 9.28
3304.43 9.14 1518.56 15.57
3321.00 9.26 1531.75 9.65
3337.25 9.20 1546.18 9.35
3353.81 9.10 1561.62 9.32
3370.06 9.26 1577.87 9.13
3386.50 9.14 1590.00 7.97
3403.31 9.23 1605.81 10.30
3419.37 9.21 1617.75 13.89
3435.93 9.06 1635.68 8.69
3452.31 9.23 1650.56 9.41
3468.62 9.17 1663.43 8.70
3485.37 9.22 1677.93 7.85
3501.56 9.15 1691.75 8.58
3518.00 9.04 1702.93 8.48
3534.50 9.17 1717.12 8.96
3550.68 9.13 1728.93 7.97
3567.43 9.23 1741.00 7.18
3583.62 9.16 1752.06 7.42
3600.00 9.07 1763.93 6.23
3616.56 9.18 1774.06 7.33
3633.18 9.37 1784.18 5.98
3649.87 9.48 1793.06 6.86
3666.06 9.40 1802.68 7.00
3682.43 9.34 1810.93 6.80
3699.00 9.42 1820.06 7.20
3715.18 9.37 1826.62 6.14
3731.87 9.48 1835.18 7.60
3748.31 9.34 1839.43 5.64
3764.75 9.27 1845.25 5.72
3781.56 9.33 1851.37 4.87
3797.87 9.29 1858.68 11.57
3814.37 9.43 1860.12 5.10
3831.00 9.37 1863.93 5.30
3847.50 9.26 1866.31 5.35
3863.87 9.37 1870.50 4.46
3880.25 9.34 1871.75 4.52
3896.68 9.42 1872.12 4.75
3913.06 9.33 1873.68 4.00
3929.50 9.21 1874.43 4.90
3945.87 9.38 1872.75 7.81
3962.43 9.27 1873.87 8.34
3978.75 9.46 1870.68 5.28
3995.12 9.33 1870.31 3.69
4011.43 9.27 1867.18 3.97
4027.93 9.38 1864.93 5.26
4044.50 9.21 1861.37 4.79
4060.87 9.14 1860.06 11.44
4077.25 9.28 1855.18 6.90
4093.62 9.19 1848.37 4.97
4110.25 9.26 1841.25 10.80
4126.62 9.16 1840.06 5.52
4143.06 9.07 1834.43 4.70
4159.43 9.20 1828.56 6.42
4175.75 9.14 1819.87 7.38
4192.25 9.26 1815.12 5.93
4208.50 9.21 1808.25 5.79
4224.93 9.08 1801.06 6.43
4241.37 9.18 1794.06 5.14
4257.93 9.07 1784.75 5.48
4274.37 9.21 1778.93 5.08
4290.62 9.14 1770.12 6.61
4307.12 9.01 1762.62 6.95
4323.43 9.16 1754.43 7.15
4339.93 9.07 1745.18 5.68
4356.37 9.21 1736.75 7.39
4372.56 9.15 1729.68 7.23
4389.06 9.00 1721.06 9.10
4405.50 9.15 1712.31 6.62
4421.93 9.08 1703.25 6.45
4438.43 9.20 1694.18 6.20
4454.62 9.14 1684.87 7.11
4471.06 9.06 1675.62 6.97
4487.56 9.16 1667.06 7.04
4503.93 9.06 1657.87 6.25
4520.43 8.95 1651.37 5.68
4536.68 9.12 1642.06 6.52
4553.18 9.03 1634.37 6.01
4569.62 9.16 1626.00 6.15
4586.06 9.06 1619.12 6.01
4602.43 8.96 1607.87 10.97
4618.75 9.12 1601.62 6.32
4635.68 10.43 1594.25 6.34
4651.93 10.33 1587.62 5.65
4668.31 10.26 1578.56 8.67
4684.75 10.37 1574.18 6.05
4701.06 10.26 1566.68 7.53
4717.56 10.18 1562.25 6.75
4733.93 10.33 1555.68 5.97
4750.37 10.25 1549.56 5.91
4766.81 10.36 1542.75 5.95
4783.12 10.25 1538.43 5.94
4799.56 10.18 1534.18 5.00
4816.00 10.33 1528.87 5.61
4832.43 10.28 1524.87 7.18
4848.87 10.38 1522.12 6.69
4865.25 10.28 1518.43 5.05
4881.56 10.23 1514.87 6.90
4898.18 10.28 1512.87 4.78
4914.56 10.19 1510.06 5.30
4931.00 10.32 1507.62 4.90
4947.37 10.25 1504.56 4.20
4963.81 10.17 1502.81 6.14
4980.25 10.28 1503.75 3.73
4996.56 10.20 1502.31 5.05
5013.06 10.38 1500.81 4.54
5029.43 10.24 1501.43 4.30
5045.93 10.13 1499.56 7.70
5062.25 10.27 1499.81 5.23
5078.62 10.18 1501.31 4.71
5095.12 10.35 1502.06 4.57
5111.50 10.22 1502.56 5.51
5128.00 10.10 1503.81 5.01
5144.31 10.26 1506.68 5.87
5160.68 10.16 1509.50 5.69
5177.06 10.10 1510.37 5.49
5193.50 10.22 1512.93 5.19
5209.93 10.13 1516.31 5.01
5226.31 10.26 1519.37 7.22
5242.68 10.16 1521.25 4.66
5259.06 10.09 1525.62 5.06
5275.50 10.23 1528.75 5.04
5292.00 10.11 1533.18 6.10
5308.37 10.24 1538.00 8.38
5324.75 10.14 1540.75 5.56
5341.06 10.09 1543.06 6.94
5357.43 10.22 1549.50 4.23
5373.93 10.11 1553.31 6.31
5390.37 10.24 1558.56 5.28
5407.18 10.20 1564.56 5.75
5423.56 10.17 1567.75 6.41
5439.87 10.30 1572.87 6.52
5456.25 10.19 1578.25 5.95
5472.68 10.40 1584.18 6.23
5489.31 10.20 1588.31 6.61
5505.87 10.10 1594.12 5.06
5522.18 10.22 1598.87 5.64
5538.50 10.13 1604.25 4.92
5555.12 10.33 1610.18 4.56
5571.43 10.19 1615.68 6.69
5587.87 10.07 1618.50 5.87
5604.31 10.22 1625.62 4.90
5620.56 10.14 1629.25 6.30
5637.12 10.34 1640.18 13.88
5653.56 10.42 1639.50 5.71
5669.93 10.33 1644.06 10.21
5686.43 10.45 1650.06 5.85
5702.68 10.37 1656.56 6.92
5719.12 10.34 1660.18 4.38
5735.50 10.45 1662.12 8.89
5752.00 10.32 1667.37 5.25
5768.43 10.21 1672.62 5.63
5784.75 10.36 1675.18 5.84
5801.12 10.32 1679.43 4.95
5817.62 10.47 1684.43 5.12
5834.12 10.35 1689.31 5.20
5850.50 10.27 1692.18 3.97
5866.81 10.37 1694.68 4.06
5883.25 10.35 1698.75 4.35
5899.75 10.41 1699.93 5.63
5916.12 10.31 1702.50 5.30
5932.50 10.26 1706.00 5.71
5948.81 10.41 1708.68 4.70
5965.37 10.32 1712.56 4.17
5981.87 10.41 1713.75 3.96
5998.12 10.31 1716.50 2.85
6014.50 10.33 1717.75 4.78
6030.87 10.41 1718.75 6.41
6047.56 10.24 1722.12 5.72
6064.12 10.37 1723.37 6.10
6080.31 10.26 1722.18 5.05
6096.68 10.27 1723.62 5.82
6113.50 10.28 1724.93 3.80
6129.87 10.17 1726.43 3.92
6146.37 10.31 1724.68 4.96
6162.62 10.20 1725.18 4.16
6179.00 10.20 1725.93 4.19
6195.50 10.28 1725.56 3.94
6211.87 10.17 1724.75 5.40
6228.31 10.09 1723.93 5.46
6244.56 10.21 1723.06 4.78
6261.25 10.14 1722.81 4.56
6277.81 10.22 1721.62 4.69
6294.18 10.12 1720.87 5.27
6310.56 10.06 1718.93 4.10
6326.87 10.15 1716.93 4.83
6343.25 10.14 1715.25 5.09
6359.81 10.22 1714.25 4.64
6376.12 10.11 1713.06 6.74
6392.62 10.05 1709.56 4.65
6408.93 10.17 1707.43 4.02
6425.31 10.17 1704.50 3.95
6441.87 10.24 1702.93 4.59
6458.12 10.14 1701.93 6.48
6474.56 10.13 1698.12 6.17
6490.93 10.23 1694.87 5.60
6507.37 10.16 1690.37 6.49
6523.87 10.26 1690.37 5.33
6540.12 10.14 1688.50 5.72
6556.62 10.17 1683.12 6.70
6573.12 10.24 1682.75 6.20
6589.56 10.17 1679.00 5.98
6605.93 10.27 1675.81 5.79
6622.43 10.15 1671.31 8.18
6638.68 10.17 1670.12 5.44
6655.25 10.25 1667.56 6.05
6671.68 10.17 1664.06 5.86
6688.00 10.27 1662.18 6.90
6704.37 10.17 1658.25 5.95
6720.68 10.17 1656.50 6.03
6737.25 10.25 1651.87 6.39
6753.68 10.17 1649.18 9.46
6770.06 10.25 1647.93 6.24
6786.43 10.15 1644.25 5.71
6802.68 10.17 1642.56 7.81
6819.37 10.24 1638.93 5.87
6835.68 10.16 1636.50 5.72
6852.06 10.27 1634.56 9.11
6868.43 10.17 1631.25 5.18
6884.75 10.19 1628.25 5.88
6901.62 10.16 1626.50 5.81
6918.00 10.06 1624.68 5.64
6934.31 9.94 1624.12 8.16
6950.62 10.16 1620.87 5.74
6967.31 10.10 1618.50 5.83
6983.81 10.17 1615.31 7.74
7000.18 10.09 1614.25 6.50
7016.37 10.09 1616.50 8.02
7032.87 10.19 1609.50 5.65
7049.37 10.09 1610.50 5.36
7065.81 10.16 1609.12 4.11
7082.18 10.10 1607.18 5.25
7098.50 10.07 1607.37 4.79
7115.00 10.18 1605.75 4.45
7131.43 10.09 1605.31 5.77
7147.81 10.16 1604.12 4.39
7164.18 10.08 1602.62 5.25
7180.56 10.06 1601.06 4.88
7197.00 10.18 1600.31 5.98
7213.43 10.09 1601.37 4.38
7229.81 10.16 1600.81 5.48
7246.18 10.08 1600.43 4.77
7262.56 10.08 1599.56 5.28
7279.00 10.16 1601.31 7.39
7295.43 10.07 1599.87 5.08
7311.87 10.15 1601.37 5.35
7328.18 10.09 1599.56 5.05
7344.56 10.08 1601.56 5.50
7361.00 10.16 1602.18 4.67
7377.43 10.07 1602.43 5.42
7393.87 9.96 1602.62 9.07
7410.18 10.12 1604.62 6.76
7426.56 10.11 1605.56 5.18
7443.06 10.18 1606.68 6.72
7459.56 10.11 1607.93 7.59
7475.75 10.05 1607.75 5.95
7492.18 10.18 1608.75 5.05
7508.62 10.10 1609.18 4.32
7525.06 10.17 1611.00 4.86
7541.50 10.14 1612.06 5.53
7557.87 10.04 1614.37 5.13
7574.25 10.19 1615.18 5.42
7590.68 10.11 1616.93 5.27
7607.12 10.18 1618.81 5.32
7623.43 10.11 1621.37 5.00
7639.93 10.05 1623.31 4.48
7656.31 10.20 1623.81 4.71
7672.75 10.11 1624.12 7.46
7689.25 10.19 1627.37 4.30
7705.43 10.11 1625.87 6.33
7721.81 10.10 1630.50 4.55
7738.25 10.19 1632.37 4.88
7754.75 10.11 1635.75 5.96
7771.25 10.19 1635.56 5.09
7787.43 10.11 1638.37 4.43
7803.87 10.09 1638.00 8.40
7820.43 10.25 1641.50 4.65
7836.87 10.15 1643.62 3.89
7853.37 10.24 1644.25 5.33
7869.56 10.18 1646.06 4.32
7885.87 10.15 1647.93 7.91
7902.50 10.23 1650.62 4.77
7918.93 10.14 1651.06 5.15
7935.25 10.02 1651.12 4.50
7951.62 10.24 1654.56 5.56
7968.00 10.16 1657.93 4.93
7984.62 10.26 1657.25 5.39
8000.93 10.17 1658.68 3.48
8017.25 10.11 1660.00 5.57
8033.68 10.26 1661.81 4.22
8050.06 10.15 1664.31 4.31
8066.62 10.24 1664.68 3.58
8082.81 10.17 1665.87 4.00
8099.25 10.11 1666.62 4.70
8115.75 10.25 1668.81 2.79
8132.12 10.15 1667.81 5.20
8148.62 10.24 1670.18 4.10
8164.87 10.17 1670.68 4.37
8181.18 10.12 1671.93 4.55
8197.75 10.25 1672.81 3.80
8214.12 10.15 1673.18 4.79
8230.62 10.24 1675.00 6.01
8246.87 10.17 1675.62 5.62
8263.18 10.12 1674.93 3.82
8279.75 10.25 1674.25 5.83
8296.12 10.15 1675.43 3.86
8312.62 10.23 1676.75 3.93
8328.93 10.16 1676.81 5.11
8345.12 10.15 1676.18 4.30
8361.75 10.25 1676.62 8.74
8378.12 10.15 1676.56 3.55
8394.62 10.07 1676.37 4.18
