1.87 0.33 1446.18 71.61
20.62 8.89 1359.93 52.24
37.00 9.05 1271.93 51.48
53.31 8.95 1180.93 49.42
70.31 9.10 1097.00 48.74
86.56 9.02 1009.00 45.79
103.00 8.89 926.25 44.11
119.43 9.06 846.68 42.18
135.68 8.98 769.81 40.06
152.37 9.09 697.31 38.08
168.56 9.03 627.87 34.76
184.93 8.91 565.18 34.61
201.50 9.05 500.56 30.34
217.75 8.96 445.31 27.67
234.31 8.85 393.75 25.26
250.62 9.01 346.25 22.76
267.00 8.90 303.18 22.12
283.50 9.05 268.87 17.47
299.81 8.95 238.50 15.12
316.31 8.81 210.81 10.66
332.68 9.00 192.62 7.71
349.12 8.87 178.12 5.74
365.56 9.04 170.50 4.62
381.75 8.97 168.12 5.75
398.31 8.81 172.81 10.76
414.75 8.97 179.12 9.12
431.06 8.89 193.25 12.23
447.62 9.02 212.62 14.61
464.06 8.90 236.68 16.96
480.43 8.79 265.43 19.42
496.81 8.97 298.87 21.98
513.18 8.87 337.87 23.94
529.75 9.00 381.18 26.66
546.12 8.89 429.68 32.70
562.56 9.01 481.00 32.13
578.93 9.19 535.93 33.99
595.25 9.10 593.87 34.85
611.87 9.22 656.25 38.53
628.12 9.15 722.62 39.10
644.56 9.01 790.37 38.50
660.93 9.19 862.25 39.82
677.43 9.05 934.25 42.03
693.87 9.22 1008.06 42.12
710.12 9.14 1084.43 42.80
726.68 8.98 1162.68 43.04
743.12 9.14 1238.43 45.20
759.43 9.04 1316.93 43.33
776.06 9.12 1394.75 43.36
792.37 9.06 1471.62 42.68
808.93 8.90 1549.12 42.14
825.31 9.07 1625.68 41.54
841.62 8.98 1698.68 40.12
858.18 9.08 1770.31 39.47
874.50 9.01 1842.00 37.91
890.93 8.90 1911.87 36.49
907.37 9.05 1977.18 35.48
923.68 8.96 2040.93 32.83
940.18 9.08 2103.37 32.48
956.56 8.99 2156.18 30.38
973.00 8.87 2210.68 26.85
989.75 8.99 2260.37 25.08
1006.06 8.93 2307.00 23.24
1022.50 8.78 2348.81 20.31
1038.93 8.96 2386.68 19.13
1055.25 8.86 2419.12 16.57
1071.81 9.01 2446.31 13.55
1088.12 8.94 2471.68 10.55
1104.56 8.79 2489.56 8.80
1121.00 8.98 2503.37 6.13
1137.25 8.90 2512.87 8.43
1153.93 8.98 2519.37 3.31
1170.18 8.94 2518.06 6.21
1186.75 8.75 2516.81 6.15
1203.06 8.97 2506.81 8.02
1219.31 8.91 2493.37 11.11
1236.31 8.98 2476.25 12.46
1252.62 8.95 2453.62 15.58
1269.12 8.75 2428.18 16.90
1285.31 8.98 2396.87 19.92
1301.75 8.90 2364.68 16.76
1318.37 8.96 2324.50 21.17
1334.62 8.91 2284.37 25.07
1351.12 8.76 2238.75 25.19
1367.37 8.96 2190.62 26.81
1383.81 8.88 2140.06 28.80
1400.37 8.96 2085.93 30.69
1416.68 8.88 2031.18 31.67
1433.18 8.73 1974.43 31.31
1449.43 8.93 1916.06 32.32
1466.12 8.86 1852.62 32.99
1482.50 8.70 1791.50 34.23
1499.00 8.87 1728.43 33.56
1515.37 8.75 1664.12 34.57
1531.68 8.91 1599.56 34.27
1548.12 8.86 1535.93 34.24
1564.75 9.37 1474.43 37.34
1581.12 9.56 1408.75 36.31
1597.56 9.45 1346.50 33.69
1613.81 9.38 1284.12 35.07
1630.31 9.56 1224.06 34.03
1646.75 9.37 1163.37 33.09
1663.00 9.59 1107.18 31.22
1679.75 9.44 1052.37 29.89
1696.12 9.33 999.87 28.60
1712.62 9.49 950.12 29.77
1729.06 9.29 901.25 25.99
1745.37 9.48 858.18 24.10
1761.81 9.40 814.25 21.35
1778.37 9.23 777.56 19.80
1794.75 9.42 741.62 17.00
1811.25 9.22 710.12 15.55
1827.56 9.16 682.62 13.72
1844.06 9.31 658.06 12.06
1860.43 9.20 638.00 9.85
1876.87 9.37 621.81 7.49
1893.31 9.20 608.37 7.15
1909.62 9.13 599.81 4.10
1926.06 9.32 595.18 6.57
1942.43 9.17 594.81 4.27
1958.87 9.35 597.62 6.16
1975.37 9.17 604.18 6.02
1991.75 9.13 616.12 9.64
2008.12 9.32 629.93 10.18
2024.50 9.17 646.68 13.31
2040.87 9.35 668.06 15.03
2057.56 9.19 693.43 17.19
2073.68 9.17 722.31 18.18
2090.25 9.34 752.68 21.18
2106.62 9.19 787.31 20.99
2122.93 9.40 823.18 22.50
2139.43 9.25 862.25 22.98
2155.75 9.15 905.18 25.44
2172.25 9.36 948.87 26.39
2188.62 9.18 994.62 27.19
2205.06 9.37 1042.81 27.97
2221.43 9.27 1094.50 32.05
2237.81 9.17 1142.31 29.24
2254.31 9.38 1194.00 30.22
2270.68 9.19 1246.25 30.56
2287.00 9.13 1299.87 30.33
2303.62 9.23 1353.56 30.10
2319.87 9.15 1407.31 32.01
2336.43 9.33 1461.43 30.12
2352.75 9.17 1513.06 32.03
2369.12 9.09 1566.18 30.57
2385.50 9.30 1620.62 28.83
2401.93 9.12 1668.43 28.19
2418.43 9.32 1719.06 27.34
2434.81 9.14 1769.37 26.31
2451.12 9.07 1813.87 25.41
2467.62 9.28 1858.37 23.71
2483.93 9.14 1900.06 23.71
2500.43 9.31 1940.18 21.83
2516.87 9.14 1978.18 21.01
2533.06 9.10 2014.62 18.28
2549.62 9.28 2047.00 17.92
2566.00 9.37 2077.31 16.80
2582.50 9.54 2104.06 14.76
2598.87 9.40 2128.43 13.07
2615.12 9.33 2148.50 10.15
2631.68 9.51 2166.37 9.78
2647.93 9.38 2182.93 9.42
2664.50 9.54 2192.25 6.59
2680.93 9.40 2201.37 5.05
2697.18 9.33 2206.56 5.84
2713.75 9.51 2208.18 4.50
2730.12 9.34 2205.87 5.06
2746.62 9.48 2200.43 5.56
2763.18 9.30 2193.18 7.72
2779.50 9.25 2183.12 10.86
2796.12 9.41 2169.31 9.43
2812.43 9.27 2149.81 11.65
2828.87 9.41 2130.87 13.29
2845.31 9.31 2108.62 15.46
2861.62 9.20 2082.37 16.85
2878.12 9.42 2056.68 18.98
2894.50 9.24 2025.56 14.86
2910.93 9.36 1991.87 19.93
2927.43 9.28 1958.56 20.49
2943.68 9.17 1921.06 22.56
2960.25 9.34 1883.75 23.08
2976.56 9.19 1841.68 23.31
2993.00 9.37 1803.12 24.55
3009.50 9.28 1758.93 25.00
3025.75 9.17 1717.50 23.99
3042.31 9.34 1676.31 24.90
3058.68 9.20 1630.43 24.52
3074.93 9.14 1584.93 24.36
3091.50 9.33 1540.68 25.40
3107.75 9.20 1497.25 25.49
3124.37 9.35 1451.75 24.45
3140.68 9.20 1410.25 29.30
3157.25 9.15 1363.87 24.14
3173.81 9.32 1321.75 24.31
3190.12 9.20 1279.68 22.84
3206.62 9.37 1238.68 21.84
3223.00 9.19 1202.06 21.41
3239.31 9.16 1164.43 22.24
3255.87 9.33 1128.06 20.37
3272.12 9.20 1093.31 17.95
3288.62 9.38 1060.37 17.42
3305.12 9.20 1031.50 16.97
3321.37 9.14 1005.12 16.09
3337.93 9.33 978.50 14.34
3354.25 9.15 955.50 12.21
3370.68 9.35 934.75 10.62
3387.12 9.22 916.81 10.44
3403.43 9.11 900.93 8.47
3420.06 9.26 888.50 7.20
3436.25 9.13 877.25 6.83
3452.75 9.32 870.43 5.59
3469.56 9.37 865.37 3.82
3485.93 9.29 864.81 5.58
3502.50 9.41 863.31 4.88
3518.75 9.32 869.56 5.56
3535.06 9.25 874.00 6.32
3551.50 9.41 883.12 6.22
3568.25 10.67 895.56 10.20
3584.81 10.53 908.81 11.19
3601.06 10.44 924.37 12.55
3617.31 10.64 942.43 14.08
3633.81 10.53 964.00 14.50
3650.25 10.67 987.31 15.61
3666.75 10.56 1011.25 18.90
3683.12 10.43 1038.75 18.53
3699.37 10.63 1066.75 20.94
3715.87 10.53 1095.87 20.89
3732.18 10.66 1128.18 20.48
3748.87 10.50 1161.37 22.89
3765.18 10.41 1195.00 22.30
3781.50 10.60 1230.25 22.45
3798.00 10.50 1265.37 22.17
3814.25 10.40 1301.62 23.24
3831.12 10.43 1338.87 23.87
3847.37 10.33 1372.56 26.04
3863.68 10.55 1412.43 24.21
3880.25 10.42 1450.25 23.75
3896.50 10.32 1486.43 23.72
3913.12 10.44 1524.62 23.18
3929.37 10.36 1560.62 23.20
3945.75 10.52 1594.68 22.38
3962.31 10.40 1630.00 21.64
3978.62 10.29 1664.31 21.88
3995.06 10.46 1696.00 20.45
4011.50 10.35 1728.31 19.54
4027.87 10.51 1759.12 18.57
4044.37 10.40 1787.00 17.85
4060.87 10.32 1816.18 17.72
4077.18 10.51 1839.93 14.80
4093.56 10.41 1863.93 15.76
4110.06 10.54 1885.12 13.39
4126.50 10.42 1905.50 14.21
4142.87 10.32 1921.50 11.41
4159.12 10.52 1937.56 10.00
4175.62 10.42 1951.25 8.57
4192.00 10.55 1961.75 7.72
4208.37 10.43 1971.06 5.67
4225.00 10.32 1977.31 5.62
4241.18 10.52 1981.81 4.22
4257.68 10.43 1984.31 4.07
4274.00 10.32 1981.75 9.76
4290.50 10.43 1984.75 13.67
4306.87 10.31 1976.18 5.41
4323.31 10.48 1971.06 7.80
4339.75 10.41 1961.68 8.81
4356.06 10.30 1949.06 8.33
4372.43 10.44 1934.87 11.71
4388.87 10.33 1922.93 10.28
4405.25 10.48 1905.43 12.31
4421.81 10.37 1886.93 14.25
4438.12 10.27 1866.81 14.71
4454.62 10.48 1844.50 15.73
4471.00 10.40 1820.75 17.64
4487.37 10.56 1795.50 17.39
4503.87 10.45 1771.25 18.69
4520.18 10.31 1743.62 18.63
4536.62 10.48 1714.31 18.29
4552.93 10.45 1686.87 19.32
4569.37 10.56 1655.56 19.48
4585.93 10.67 1627.31 21.02
4602.25 10.53 1596.62 20.89
4618.62 10.72 1567.43 23.33
4635.00 10.67 1533.75 21.12
4651.31 10.57 1504.06 20.97
4667.81 10.68 1471.62 20.54
4684.25 10.53 1441.62 20.42
4700.56 10.75 1410.87 20.80
4717.00 10.67 1385.00 15.27
4733.31 10.52 1349.56 23.01
4750.06 10.64 1323.25 19.33
4766.50 10.46 1296.75 19.91
4783.25 10.68 1268.93 17.65
4799.68 10.64 1244.50 16.72
4816.00 10.47 1220.93 16.17
4832.50 10.64 1198.00 16.76
4848.87 10.52 1175.31 13.12
4865.18 10.71 1155.75 15.18
4881.75 10.63 1138.50 12.89
4898.00 10.47 1120.50 12.09
4914.81 10.57 1105.12 10.40
4931.12 10.50 1092.43 9.33
4947.43 10.41 1080.37 8.45
4963.93 10.57 1070.56 7.13
4980.37 10.38 1059.18 12.34
4996.81 10.58 1057.12 6.47
5013.18 10.50 1053.87 4.74
5029.50 10.40 1051.43 5.00
5046.06 10.56 1051.43 5.61
5062.43 10.40 1053.18 4.96
5078.81 10.59 1055.93 5.32
5095.18 10.56 1062.06 7.08
5111.56 10.42 1068.12 6.03
5128.06 10.57 1077.18 7.49
5144.43 10.40 1087.37 10.32
5160.75 10.63 1099.68 8.74
5177.18 10.56 1116.31 10.21
5193.50 10.38 1128.37 10.18
5210.12 10.56 1145.00 12.39
5226.56 10.40 1165.37 12.29
5242.81 10.61 1183.43 14.68
5259.25 10.56 1202.50 13.75
5275.62 10.38 1224.93 15.46
5292.06 10.57 1246.12 14.43
5308.75 10.40 1272.06 15.82
5325.00 10.57 1294.62 15.94
5341.50 10.50 1319.68 18.00
5357.81 10.34 1343.87 17.22
5374.31 10.52 1371.93 27.20
5390.81 10.40 1394.12 17.09
5407.12 10.25 1420.25 18.46
5423.56 10.45 1446.62 15.15
5440.00 10.24 1472.18 17.13
5456.50 10.61 1498.87 16.69
5473.00 10.52 1524.18 16.40
5489.31 10.38 1548.00 17.60
5505.75 10.57 1572.56 17.38
5522.18 10.36 1596.43 16.31
5538.43 10.61 1619.62 16.24
5554.87 10.56 1642.06 15.82
5571.31 10.38 1664.25 14.62
5587.75 10.57 1683.25 16.92
5604.18 10.36 1703.37 14.65
5620.43 10.61 1720.75 11.98
5636.87 10.56 1738.31 12.44
5653.25 10.33 1752.56 11.70
5669.75 10.57 1768.93 12.27
5686.18 10.36 1778.18 12.77
5702.37 10.60 1794.25 9.96
5718.81 10.56 1802.43 8.08
5735.25 10.33 1811.31 7.09
5751.68 10.57 1818.93 5.44
5768.18 10.38 1822.75 5.67
5784.56 10.62 1826.68 5.94
5800.93 10.57 1829.62 5.05
5817.37 10.34 1828.81 3.92
5834.12 10.59 1828.06 3.56
5850.62 10.46 1826.62 7.18
5867.00 10.61 1820.37 5.47
5883.31 10.57 1815.56 4.98
5899.81 10.34 1810.31 6.28
5916.12 10.60 1803.56 12.52
5932.62 10.53 1790.31 5.74
5949.06 10.39 1780.00 8.44
5965.37 10.56 1767.12 7.80
5982.00 10.32 1752.87 9.12
5998.31 10.59 1739.43 9.68
6014.68 10.51 1722.12 10.75
6031.12 10.37 1708.06 12.87
6047.50 10.56 1689.06 12.00
6064.25 10.45 1668.87 12.85
6080.62 10.67 1650.93 13.48
6096.93 10.66 1630.25 12.68
6113.37 10.42 1610.43 13.23
6129.75 10.65 1589.81 13.77
6146.25 10.45 1568.00 14.41
6162.62 10.67 1546.62 15.20
6178.87 10.66 1525.00 14.68
6195.37 10.42 1507.00 11.82
6211.75 10.65 1483.75 15.09
6228.18 10.45 1460.81 14.64
6244.68 10.67 1437.93 15.66
6261.00 10.66 1418.93 14.26
6277.43 10.42 1398.56 15.22
6293.81 10.65 1381.37 8.21
6310.18 10.51 1357.43 13.29
6326.75 10.66 1340.75 13.33
6343.00 10.63 1321.75 12.44
6359.43 10.41 1304.87 12.31
6375.87 10.64 1287.56 12.18
6392.25 10.52 1273.06 11.72
6408.75 10.42 1256.25 9.75
6425.06 10.60 1245.50 10.16
6441.50 10.38 1233.25 10.46
6458.18 10.90 1222.18 9.47
6474.56 10.79 1212.31 8.95
6490.87 10.64 1204.06 7.93
6507.31 10.87 1196.37 7.58
6523.75 10.67 1190.43 6.36
6540.18 10.90 1186.00 6.28
6556.43 10.88 1182.25 7.29
6572.87 10.64 1179.37 6.49
6589.25 10.88 1180.25 6.05
6605.75 10.67 1182.12 6.55
6622.18 10.90 1182.50 5.09
6638.43 10.88 1187.31 7.98
6654.87 10.64 1190.93 8.41
6671.25 10.88 1194.37 5.21
6687.68 10.64 1202.18 6.32
6704.12 10.91 1210.81 6.75
6720.43 10.88 1219.06 9.04
6736.87 10.64 1229.68 6.55
6753.31 10.87 1240.43 8.45
6769.75 10.64 1251.56 9.71
6786.25 10.91 1266.31 9.61
6802.43 10.88 1279.00 9.68
6819.06 10.68 1293.56 11.49
6835.56 10.94 1309.06 10.53
6851.87 10.76 1325.56 12.27
6868.31 10.88 1341.75 12.41
6884.62 10.93 1356.12 16.27
6901.06 10.68 1375.18 12.67
6917.50 10.95 1392.68 11.65
6933.87 10.83 1411.31 13.42
6950.25 10.68 1429.31 13.09
6966.56 10.94 1446.75 13.68
6983.25 10.67 1466.56 12.79
6999.56 10.95 1482.81 13.65
7015.87 10.86 1500.06 12.50
7032.31 10.68 1519.18 14.36
7048.62 10.93 1535.75 12.65
7065.25 10.73 1551.43 12.28
7081.62 10.98 1569.18 13.75
7097.93 10.98 1583.81 12.19
7114.37 10.71 1600.06 12.93
7130.68 10.96 1613.81 10.94
7147.18 10.73 1626.56 12.56
7163.56 10.99 1642.50 11.35
7179.87 10.95 1653.56 9.77
7196.31 10.70 1664.93 9.63
7212.68 10.96 1674.31 9.86
7229.37 10.75 1682.75 10.82
7245.75 11.00 1693.43 8.04
7262.00 10.98 1700.62 6.07
7278.56 10.73 1706.87 7.86
7294.93 10.99 1711.75 6.16
7311.75 10.86 1716.25 6.78
7328.18 10.99 1720.31 7.25
7344.43 11.03 1720.62 6.56
7361.00 10.76 1722.81 5.00
7377.37 11.04 1721.87 5.89
7393.93 10.86 1720.00 5.52
7410.43 10.69 1718.06 5.75
7426.68 10.93 1713.93 6.16
7443.25 10.67 1710.31 5.49
7459.68 11.01 1706.25 7.82
7476.00 10.92 1698.31 6.89
7492.50 10.79 1692.37 8.71
7508.75 10.99 1683.06 8.70
7525.25 10.77 1672.68 8.23
7541.68 11.01 1663.43 9.31
7557.93 10.99 1656.25 15.48
7574.50 10.79 1641.75 10.04
7590.75 10.99 1631.18 11.96
7607.12 10.76 1621.25 19.16
7623.68 11.01 1603.12 10.47
7639.87 10.96 1590.81 10.98
7656.43 10.78 1575.06 11.21
7672.75 10.99 1561.31 11.13
7689.12 10.76 1548.00 12.48
7705.62 11.00 1532.18 12.12
7721.81 10.98 1518.25 12.86
7738.37 10.72 1501.68 11.69
7754.75 10.99 1487.81 11.85
7771.25 10.78 1468.87 14.20
7787.68 11.01 1457.81 10.76
7804.00 10.99 1442.81 12.22
7820.62 10.77 1427.31 11.14
7837.00 11.06 1414.68 10.65
7853.31 10.90 1402.62 12.97
7869.81 11.04 1386.06 10.65
7886.00 11.06 1375.00 11.17
7902.56 10.79 1361.68 12.24
7918.93 11.09 1351.00 10.11
7935.25 10.98 1337.56 14.88
7951.68 10.84 1329.12 9.36
7968.06 11.05 1320.06 8.56
7984.81 10.82 1311.68 9.70
8001.12 11.09 1306.06 9.35
8017.56 11.02 1295.00 7.29
8033.93 10.86 1289.62 6.99
8050.31 11.10 1284.31 6.38
8066.68 10.85 1278.93 5.71
8083.18 11.11 1276.06 5.23
8099.50 11.09 1273.00 5.27
8115.93 10.86 1271.62 4.78
8132.37 11.12 1268.93 4.89
8148.68 10.85 1271.25 5.02
8165.18 11.11 1271.93 9.29
8181.50 11.09 1272.75 5.10
8197.87 10.80 1275.43 5.42
8214.37 11.12 1278.87 4.91
8230.81 10.87 1281.75 5.71
8247.25 11.13 1286.87 5.22
8263.56 11.10 1293.12 7.02
8279.93 10.82 1299.75 6.99
8296.50 11.16 1309.87 12.01
8312.81 10.98 1316.37 7.98
8329.31 11.15 1326.06 8.20
8345.56 11.14 1335.37 7.63
8361.93 10.85 1344.62 9.97
8378.50 11.16 1356.87 9.05
8394.75 11.04 1365.25 8.33
