1.87 0.33 1449.50 56.03
20.68 8.88 1360.31 51.34
37.06 9.04 1270.31 47.96
53.56 8.91 1181.62 49.54
69.81 8.85 1097.06 48.50
86.25 8.98 1009.75 48.14
103.18 8.90 922.50 44.77
119.43 8.82 843.81 43.86
135.93 8.92 765.06 43.05
152.31 8.86 692.87 40.97
168.68 8.99 618.75 38.79
185.25 8.88 549.31 36.65
201.50 8.80 486.68 34.18
218.00 8.91 427.93 32.32
234.37 8.84 369.68 30.47
250.75 8.97 318.50 27.33
267.68 8.93 268.93 25.45
284.00 8.82 227.75 21.11
300.56 8.93 191.62 20.40
316.87 8.86 158.87 16.17
333.25 9.03 132.93 13.98
349.68 8.88 112.62 10.59
366.06 8.79 98.50 8.20
382.56 8.94 88.87 5.89
398.81 8.88 87.06 5.15
415.31 9.01 89.37 5.41
431.75 8.86 96.18 6.52
448.18 8.75 109.12 9.43
464.62 8.91 125.56 11.04
480.87 8.86 146.62 14.69
497.37 8.99 173.75 16.19
514.06 8.81 205.31 17.98
530.43 8.74 242.81 20.69
546.81 8.90 280.81 23.58
563.25 8.81 323.31 29.48
579.56 8.75 376.06 28.69
596.12 8.79 427.50 29.93
612.50 8.72 485.43 37.14
628.87 8.88 542.37 33.95
645.31 8.79 607.18 34.53
661.56 8.70 674.75 36.03
678.25 8.75 743.87 38.23
694.56 8.70 816.50 39.60
711.06 8.80 891.75 40.12
727.37 8.77 968.56 41.96
743.68 8.64 1048.25 42.67
760.31 8.72 1128.06 42.69
776.62 8.67 1206.43 44.92
793.00 8.82 1290.62 42.94
809.37 8.73 1372.43 43.75
825.75 8.62 1454.87 43.56
842.43 8.67 1539.87 42.90
858.62 8.67 1623.18 43.10
875.00 8.83 1704.00 42.14
891.50 8.68 1782.12 41.69
907.81 8.60 1860.93 41.30
924.31 8.71 1940.50 40.16
940.68 8.64 2013.62 39.41
957.12 8.77 2085.31 38.18
973.50 8.64 2156.06 36.93
989.87 8.82 2224.50 35.72
1006.43 8.93 2288.43 33.39
1022.87 8.85 2351.31 33.28
1039.25 9.00 2407.62 31.48
1055.62 8.86 2460.75 28.38
1072.00 8.79 2512.87 26.64
1088.43 8.93 2554.25 24.52
1105.43 8.91 2598.06 21.30
1121.68 9.05 2634.62 19.88
1138.12 8.91 2666.93 16.80
1154.50 8.89 2695.68 14.35
1171.00 8.96 2718.43 11.55
1187.50 8.85 2736.68 9.78
1203.87 8.98 2748.43 7.74
1220.31 8.85 2757.00 6.13
1236.75 8.78 2760.12 4.31
1253.18 8.95 2757.68 5.88
1269.93 8.80 2751.18 7.48
1286.31 8.97 2740.68 8.99
1302.68 8.80 2724.37 11.26
1319.06 8.79 2704.31 9.75
1335.50 8.89 2676.43 15.86
1352.06 8.74 2645.00 17.79
1368.50 8.89 2613.37 16.19
1384.75 8.79 2571.06 22.48
1401.25 8.71 2528.87 23.13
1417.68 8.82 2481.68 22.96
1434.31 8.65 2429.06 28.35
1450.68 8.56 2374.18 29.33
1467.06 8.71 2315.68 30.95
1483.56 8.61 2256.00 33.62
1499.93 8.76 2191.75 34.19
1516.31 8.64 2124.81 35.05
1532.75 8.56 2057.18 37.86
1549.12 8.70 1986.25 37.70
1565.62 8.61 1913.25 38.75
1581.93 8.79 1839.56 39.83
1598.37 8.59 1764.12 39.38
1614.93 8.49 1687.56 40.30
1631.31 8.62 1610.18 40.56
1647.62 8.56 1533.00 40.01
1664.06 8.73 1456.43 39.94
1680.43 8.56 1379.37 40.13
1697.00 8.45 1306.93 41.10
1713.37 8.59 1229.37 39.08
1729.68 8.53 1154.75 39.14
1746.12 8.70 1080.93 37.45
1762.93 8.46 1009.56 36.72
1779.37 8.42 939.18 36.26
1795.81 8.49 870.87 35.20
1812.12 8.44 809.06 32.75
1828.56 8.61 744.75 31.34
1844.93 8.41 689.06 31.11
1861.37 8.39 633.18 28.63
1877.87 8.45 580.93 26.49
1894.18 8.40 532.87 20.86
1910.50 8.33 488.75 23.36
1926.93 8.41 450.62 24.83
1943.43 8.34 410.06 19.20
1959.87 8.43 377.87 16.86
1976.12 8.38 352.43 17.62
1992.68 8.74 327.06 12.62
2009.18 8.56 308.31 8.94
2025.62 8.53 294.12 8.94
2042.00 8.65 282.87 7.31
2058.25 8.57 277.50 5.65
2074.81 8.70 276.37 7.06
2091.43 8.61 282.93 10.32
2107.68 8.57 289.31 6.77
2124.18 8.73 303.00 8.59
2140.50 8.62 320.81 10.15
2157.00 8.54 342.00 13.84
2173.37 8.64 368.81 16.48
2189.68 8.56 398.75 16.77
2206.31 8.69 432.75 18.12
2222.56 8.59 470.37 21.59
2239.00 8.48 512.37 21.78
2255.56 8.66 558.81 23.92
2271.81 8.60 607.00 25.29
2288.43 8.74 659.43 26.45
2304.68 8.61 714.87 29.13
2321.06 8.54 773.06 30.57
2337.62 8.65 836.00 33.35
2354.12 8.54 897.06 32.56
2370.75 8.66 964.62 36.14
2387.00 8.56 1029.50 34.50
2403.37 8.48 1099.81 34.47
2419.93 8.60 1166.00 35.72
2436.12 8.56 1237.00 36.45
2452.75 8.70 1307.68 37.02
2469.06 8.55 1380.81 36.26
2485.43 8.51 1452.25 36.52
2501.93 8.63 1523.37 37.27
2518.12 8.56 1594.25 36.66
2534.68 8.71 1666.25 36.11
2551.06 8.55 1735.81 35.44
2567.31 8.50 1805.12 35.76
2583.93 8.63 1872.81 34.23
2600.25 8.51 1938.18 34.59
2616.68 8.46 2001.00 31.69
2633.06 8.57 2062.00 30.93
2649.25 8.51 2120.81 31.06
2666.00 8.61 2178.31 29.84
2682.50 8.41 2232.43 26.27
2698.93 8.32 2280.87 24.26
2715.31 8.48 2329.68 22.98
2731.50 8.41 2372.12 20.48
2748.31 8.50 2411.62 20.53
2764.50 8.44 2448.00 18.54
2780.87 8.33 2480.62 15.93
2797.37 8.48 2509.43 15.06
2813.56 8.42 2534.18 12.24
2830.25 8.50 2554.25 10.57
2846.62 8.37 2572.12 8.30
2863.06 8.23 2582.00 5.96
2879.56 8.37 2590.25 5.01
2895.75 8.32 2592.06 6.46
2912.37 8.45 2591.68 4.47
2928.68 8.33 2586.18 5.96
2945.06 8.24 2575.81 6.86
2961.62 8.32 2562.75 9.35
2977.87 8.51 2545.43 10.55
2994.50 8.59 2524.43 14.02
3010.87 8.76 2497.00 15.09
3027.12 8.67 2467.00 17.15
3043.75 8.52 2431.50 19.96
3060.00 8.71 2395.81 21.18
3076.50 8.62 2355.62 21.90
3092.93 8.78 2313.25 18.00
3109.18 8.71 2264.18 26.29
3125.87 8.55 2216.06 27.11
3142.12 8.73 2162.75 27.82
3158.62 8.64 2106.18 30.87
3174.93 8.78 2049.75 30.29
3191.56 8.65 1989.43 31.40
3208.18 8.49 1927.62 30.70
3224.37 8.73 1863.31 32.21
3240.93 8.58 1801.50 32.93
3257.37 8.74 1735.93 33.89
3273.68 8.69 1667.18 34.81
3290.18 8.51 1602.56 34.86
3306.43 8.75 1534.93 34.23
3323.00 8.60 1468.18 35.03
3339.31 8.74 1401.06 33.80
3355.68 8.66 1334.81 34.35
3372.31 8.51 1269.12 34.59
3388.50 8.75 1205.12 33.58
3405.06 8.60 1141.12 33.36
3421.37 8.74 1078.37 32.21
3437.62 8.69 1020.43 32.13
3454.31 8.51 960.25 30.48
3470.50 8.75 904.87 28.43
3486.93 8.65 851.50 28.44
3503.31 8.51 798.37 26.45
3519.62 8.69 748.37 29.49
3536.25 8.56 704.62 24.14
3552.43 8.75 662.18 22.38
3568.87 8.64 623.18 26.08
3585.31 8.51 587.43 19.30
3601.93 8.64 553.87 17.84
3618.50 8.49 524.87 15.61
3634.81 8.68 500.37 14.25
3651.18 8.59 479.31 12.60
3667.68 8.44 460.68 9.85
3683.93 8.66 448.56 8.31
3700.56 8.48 439.68 7.02
3716.87 8.66 433.37 6.83
3733.18 8.59 432.25 6.09
3749.87 8.43 432.68 6.77
3766.06 8.67 441.87 6.61
3782.62 8.51 452.62 7.23
3798.93 8.66 468.12 12.65
3815.18 8.61 485.12 11.12
3831.81 8.43 508.62 12.29
3848.18 8.61 530.62 17.56
3864.68 8.47 562.50 15.80
3881.00 8.62 596.31 16.81
3897.18 8.61 631.62 19.11
3913.87 8.39 670.06 21.03
3930.25 8.51 712.18 21.78
3946.68 8.44 756.62 23.03
3963.00 8.35 806.00 25.60
3979.37 8.74 855.93 26.30
3996.00 8.57 907.75 27.95
4012.50 8.70 963.50 28.68
4028.87 8.63 1020.00 29.95
4045.37 8.74 1077.62 29.23
4061.62 8.67 1136.06 31.07
4078.18 8.52 1197.37 31.86
4094.93 8.81 1259.18 32.87
4111.31 8.72 1321.93 32.66
4127.75 8.84 1384.93 33.49
4144.06 8.78 1447.06 32.85
4160.50 8.59 1509.18 33.93
4176.93 8.81 1570.87 32.89
4193.25 8.76 1632.62 33.25
4209.81 8.84 1693.00 32.59
4226.12 8.78 1753.93 32.38
4242.50 8.62 1813.25 31.29
4259.31 8.93 1873.12 33.06
4275.43 8.89 1926.87 31.45
4291.93 8.71 1979.87 28.74
4308.43 8.89 2030.25 27.95
4324.81 8.69 2079.56 26.66
4341.25 8.92 2127.87 25.89
4357.43 8.89 2171.12 24.53
4373.87 8.68 2212.56 23.87
4390.37 8.89 2250.50 20.23
4406.81 8.69 2285.31 21.83
4423.18 8.97 2318.18 18.14
4439.43 8.89 2347.50 14.95
4455.87 8.68 2371.81 15.22
4472.31 8.93 2392.62 13.41
4488.62 8.82 2412.87 11.42
4505.12 8.93 2427.81 11.26
4521.43 8.89 2437.12 8.40
4537.87 8.68 2444.81 6.36
4554.31 8.93 2448.43 6.50
4570.62 8.82 2446.12 5.36
4587.06 8.93 2443.62 6.00
4603.43 8.89 2435.87 6.18
4619.93 8.68 2424.00 7.50
4636.31 8.93 2409.37 9.71
4652.56 8.83 2389.43 9.33
4669.06 8.93 2370.37 13.64
4685.50 8.87 2342.81 14.52
4702.00 8.66 2314.75 15.90
4718.37 8.91 2282.75 17.56
4734.62 8.82 2247.62 19.89
4751.12 8.69 2209.81 21.46
4767.56 8.88 2168.75 21.58
4784.06 8.66 2125.43 23.89
4800.37 8.90 2078.68 23.49
4816.56 8.88 2033.18 25.21
4833.06 8.66 1983.00 27.44
4849.87 8.80 1931.18 28.44
4866.31 8.58 1877.43 27.58
4882.68 8.84 1823.43 30.57
4898.87 8.80 1769.56 32.15
4915.43 8.56 1709.25 31.56
4931.93 8.76 1652.00 31.34
4948.25 8.65 1592.75 30.47
4964.75 8.71 1536.93 32.39
4981.06 9.19 1477.87 34.05
4997.68 9.17 1420.18 34.04
5014.50 9.25 1360.37 33.44
5030.81 9.36 1302.56 34.00
5047.18 9.19 1247.06 32.70
5063.50 9.25 1190.56 33.20
5080.00 9.22 1137.43 31.41
5096.93 9.50 1082.37 31.78
5113.25 9.67 1032.37 31.04
5129.62 9.46 984.00 30.33
5145.93 9.50 934.93 29.82
5162.50 9.51 890.25 28.52
5178.87 9.50 848.93 27.15
5195.18 9.64 808.62 28.36
5211.62 9.50 770.12 24.11
5228.00 9.50 733.68 22.05
5244.56 9.51 705.75 21.51
5261.37 9.83 676.37 20.14
5277.50 10.02 650.81 17.69
5294.12 9.87 629.25 16.53
5310.43 9.83 609.25 15.30
5327.00 9.90 597.00 19.58
5343.37 9.83 582.93 10.66
5359.43 9.83 573.56 9.89
5376.12 9.87 567.56 8.75
5392.43 9.83 567.37 10.27
5409.06 9.88 569.62 6.52
5425.31 9.81 573.68 7.78
5441.43 9.83 583.81 7.29
5458.12 9.87 596.00 8.62
5474.43 9.83 608.18 16.18
5491.00 9.96 630.87 12.22
5507.31 9.81 652.43 13.42
5523.43 9.83 677.25 16.27
5540.06 9.88 703.87 18.75
5556.43 9.83 738.37 18.93
5572.87 10.00 771.37 19.21
5589.25 9.81 806.81 22.07
5605.43 9.83 845.75 23.76
5622.06 9.88 888.00 25.07
5638.37 9.83 931.87 26.96
5654.75 9.90 975.93 27.66
5671.12 9.87 1023.31 27.17
5687.50 9.80 1072.87 30.18
5704.12 9.85 1121.31 30.81
5720.43 9.81 1174.37 32.46
5736.68 9.93 1226.56 32.15
5753.43 9.86 1280.43 34.36
5769.75 9.84 1336.37 34.08
5786.37 9.87 1388.50 34.35
5802.68 9.82 1442.37 34.43
5818.81 9.82 1500.00 42.09
5835.43 9.86 1552.06 36.70
5851.75 9.84 1604.50 35.02
5868.43 9.86 1658.56 33.13
5884.62 9.80 1710.31 33.45
5900.81 9.82 1761.62 33.56
5917.43 9.86 1811.56 32.90
5933.87 9.70 1858.18 32.36
5950.62 9.78 1905.93 33.74
5966.81 9.68 1952.62 29.72
5983.18 10.06 1996.06 30.32
5999.75 9.89 2037.75 28.28
6016.00 9.92 2076.18 26.73
6032.68 10.02 2111.81 25.53
6048.93 9.92 2145.50 23.97
6065.18 10.10 2177.50 23.30
6081.81 9.91 2204.87 21.87
6098.37 10.04 2230.93 20.02
6114.93 10.11 2253.43 20.94
6131.25 10.03 2272.87 17.17
6147.50 10.02 2289.18 14.41
6164.18 10.01 2302.81 13.72
6180.37 10.04 2311.87 11.27
6196.87 10.17 2316.56 10.12
6213.31 9.99 2320.62 8.46
6229.56 10.02 2322.12 8.24
6246.31 10.06 2317.87 7.30
6262.43 10.07 2311.62 6.83
6278.93 10.35 2300.31 8.67
6295.37 10.05 2289.68 10.16
6311.56 10.11 2274.31 10.42
6328.31 10.06 2254.37 11.31
6344.43 10.07 2232.75 14.13
6360.81 10.31 2209.18 15.06
6377.37 10.05 2181.68 17.76
6393.50 10.10 2149.68 20.47
6410.31 10.06 2117.81 19.84
6426.43 10.07 2082.37 20.60
6442.75 10.24 2046.31 22.46
6459.31 10.06 2005.18 24.09
6475.50 10.10 1965.18 26.05
6492.25 10.15 1921.31 27.54
6508.43 10.07 1877.12 27.63
6524.68 10.27 1831.62 27.72
6541.31 10.06 1784.56 29.91
6557.50 10.10 1737.62 32.38
6574.25 10.15 1686.25 30.50
6590.43 10.07 1637.93 29.74
6606.62 10.08 1585.81 32.55
6623.31 10.06 1535.50 32.19
6639.50 10.10 1486.62 29.84
6656.18 10.20 1434.87 32.74
6672.37 10.05 1384.93 32.62
6688.62 10.08 1333.56 32.90
6705.31 10.06 1286.25 30.97
6721.43 10.07 1236.56 31.18
6738.06 10.27 1189.37 30.89
6754.81 10.27 1143.93 33.20
6770.93 10.30 1098.12 30.21
6787.68 10.23 1053.56 30.53
6803.87 10.28 1011.43 27.99
6820.25 10.47 973.31 26.82
6836.81 10.27 935.87 25.94
6852.93 10.30 901.68 25.03
6869.68 10.23 869.06 24.22
6885.87 10.28 837.00 21.51
6902.18 10.41 811.06 21.87
6918.75 10.27 782.81 19.30
6935.06 10.24 761.18 17.76
6951.68 10.29 742.25 15.62
6967.93 10.25 724.93 13.67
6984.43 11.16 710.18 11.92
7001.25 11.22 700.25 11.30
7017.50 11.22 691.25 9.98
7034.06 11.08 687.56 7.23
7050.31 11.21 686.43 8.46
7066.50 11.22 687.25 8.17
7083.25 11.22 690.00 6.92
7099.50 11.30 697.62 8.51
7116.12 11.19 708.75 8.86
7132.50 11.30 721.56 12.76
7148.62 11.29 736.56 13.43
7165.31 11.25 755.50 12.79
7181.56 11.29 777.43 16.37
7198.06 11.26 799.81 21.03
7214.50 11.27 827.87 19.21
7230.68 11.28 857.06 22.02
7247.50 11.35 889.43 22.42
7263.68 11.41 921.00 25.36
7280.12 11.43 958.31 26.30
7296.62 11.38 996.50 27.78
7312.87 11.46 1034.81 29.56
7329.50 11.35 1075.12 31.06
7345.68 11.41 1117.93 30.68
7362.06 11.46 1162.56 33.48
7378.62 11.38 1205.68 33.27
7394.87 11.46 1251.81 33.61
7411.50 11.35 1298.56 33.27
7427.68 11.41 1347.06 33.88
7444.00 11.48 1391.06 35.33
7460.62 11.38 1438.50 36.06
7476.87 11.46 1489.37 34.71
7493.37 11.25 1534.50 34.73
7509.68 11.41 1582.12 33.35
7525.93 11.51 1627.25 34.43
7542.56 11.39 1672.93 35.70
7558.68 11.41 1716.50 33.43
7575.37 11.25 1760.56 32.43
7591.68 11.41 1802.93 31.47
7607.87 11.46 1843.00 31.65
7624.50 11.35 1883.87 30.46
7640.68 11.41 1922.25 30.20
7657.31 11.30 1957.56 28.06
7673.62 11.38 1992.00 26.92
7689.87 11.46 2024.00 25.73
7706.50 11.35 2052.50 24.26
7722.68 11.41 2080.56 21.71
7739.18 11.38 2105.68 20.68
7755.68 11.43 2129.68 19.01
7771.93 11.50 2144.18 20.95
7788.62 11.43 2167.87 15.88
7804.75 11.45 2180.06 14.65
7821.18 11.47 2193.62 12.25
7837.68 11.43 2203.12 12.53
7853.93 11.50 2208.00 10.79
7870.62 11.43 2213.06 12.06
7886.75 11.45 2211.81 7.97
7903.12 11.50 2211.56 8.16
7919.68 11.43 2204.81 8.09
7936.31 11.43 2198.06 8.85
7952.87 11.21 2187.56 10.76
7969.18 11.35 2173.50 11.20
7985.56 11.61 2157.68 14.77
8002.18 11.55 2138.56 15.53
8018.37 11.58 2117.93 16.65
8035.06 11.60 2093.43 19.73
8051.31 11.56 2068.56 20.10
8067.50 11.62 2041.12 21.32
8084.25 11.59 2010.68 23.06
8100.43 11.62 1977.56 24.26
8117.12 11.71 1945.06 26.89
8133.37 11.60 1908.68 26.32
8149.56 11.73 1871.37 28.75
8166.31 11.61 1833.62 30.36
8182.50 11.62 1793.31 30.83
8199.12 11.79 1751.25 31.17
8215.43 11.60 1711.31 32.01
8231.62 11.68 1669.25 34.80
8248.50 11.66 1624.25 34.10
8264.62 11.74 1580.87 34.15
8281.12 11.90 1534.62 34.29
8297.50 11.66 1490.87 33.47
8313.68 11.74 1448.00 34.68
8330.50 11.66 1402.06 34.36
8346.50 11.66 1359.87 32.60
8363.00 11.75 1316.37 33.80
8379.50 11.66 1276.62 32.26
8395.68 11.74 1232.93 33.04
