2 1466
55 1488
72 1512
88 1571
105 1560
121 1582
137 1611
154 1632
170 1660
187 1682
203 1709
219 1735
236 1760
252 1788
269 1814
285 1840
301 1865
318 1768
334 1916
350 1940
367 1969
383 1990
400 2017
416 2020
432 2068
449 2093
465 2135
482 2146
498 2168
514 2194
531 2219
547 2244
564 2264
580 2289
596 2315
613 2341
629 2366
646 2382
662 2412
678 2434
695 2459
711 2483
728 2509
744 2531
760 2556
777 2579
793 2596
809 2622
826 2646
842 2691
859 2693
875 2715
891 2794
908 2757
924 2776
941 2798
957 2820
973 2838
991 2837
1007 2884
1024 2900
1040 2926
1057 2945
1073 2968
1089 2983
1106 3005
1122 3021
1138 3043
1155 3057
1171 3077
1188 3095
1204 3114
1220 3129
1237 3148
1253 3163
1270 3175
1286 3197
1302 3209
1319 3225
1335 3240
1352 3255
1368 3271
1384 3284
1401 3298
1417 3277
1434 3323
1450 3336
1466 3346
1483 3360
1499 3371
1516 3382
1532 3394
1548 3405
1565 3421
1581 3426
1597 3436
1614 3440
1630 3455
1647 3460
1663 3470
1679 3479
1696 3486
1712 3495
1729 3499
1745 3506
1761 3512
1778 3517
1794 3523
1811 3528
1827 3534
1843 3537
1860 3543
1876 3546
1893 3550
1909 3551
1925 3555
1942 3500
1958 3562
1975 3563
1997 3568
2013 3553
2029 3545
2046 3529
2062 3508
2079 3478
2095 3442
2111 3403
2128 3355
2144 3306
2161 3252
2177 3188
2193 3121
2210 3051
2226 2975
2243 2898
2259 2810
2275 2721
2292 2567
2308 2538
2325 2442
2341 2336
2357 2247
2374 2148
2390 2050
2407 1946
2423 1839
2439 1734
2456 1634
2472 1532
2488 1421
2505 1341
2521 1242
2538 1147
2554 1057
2570 968
2587 885
2603 807
2620 727
2636 658
2652 592
2669 536
2685 477
2702 429
2718 406
2734 348
2751 316
2767 374
2784 272
2800 254
2816 214
2833 241
2849 245
2866 246
2882 250
2898 256
2915 269
2931 262
2947 264
2964 267
2980 274
2997 280
3013 286
3029 286
3046 295
3062 301
3079 308
3095 316
3111 321
3128 331
3144 338
3161 345
3177 351
3193 366
3210 375
3226 385
3243 392
3259 404
3275 411
3292 441
3308 436
3324 448
3341 429
3357 472
3374 485
3390 501
3406 513
3423 527
3439 540
3456 558
3472 570
3488 589
3505 603
3521 618
3538 635
3554 652
3570 665
3587 684
3603 699
3620 719
3636 738
3652 756
3669 774
3685 794
3702 811
3718 854
3734 855
3751 875
3767 886
3783 918
3800 938
3816 961
3833 979
3849 999
3865 1024
3882 1044
3898 1065
3915 1093
3931 1109
3947 1135
3964 1147
3980 1181
3997 1201
4013 1217
4029 1250
4046 1271
4062 1299
4079 1321
4095 1345
4111 1369
4128 1393
4144 1416
4161 1441
4177 1463
4193 1487
4210 1513
4226 1537
4243 1658
4259 1585
4275 1611
4292 1632
4308 1663
4325 1689
4341 2004
4357 1738
4374 1765
4390 1791
4406 1816
4423 1842
4439 1868
4456 1896
4472 1919
4488 1947
4505 1972
4521 1998
4538 2027
4554 2048
4570 2075
4587 2096
4603 2129
4620 2149
4636 2172
4652 2197
4669 2222
4685 2248
4702 2273
4718 2294
4734 2317
4751 2344
4767 2452
4784 2391
4800 2417
4816 2495
4833 2464
4849 2486
4865 2511
4882 2531
4898 2560
4915 2586
4931 2605
4947 2627
4964 2653
4980 2669
4997 2696
5013 2750
5029 2741
5046 2759
5062 2780
5079 2803
5095 2823
5111 2846
5128 2863
5144 2885
5161 2903
5177 2927
5193 2950
5210 2965
5226 2984
5243 3062
5259 3025
5275 3043
5292 3054
5308 3077
5324 3097
5341 3127
5357 3132
5374 3148
5390 3166
5406 3179
5423 3199
5439 3212
5456 3228
5472 3241
5488 3264
5505 3273
5521 3285
5538 3299
5554 3313
5570 3325
5587 3340
5603 3349
5620 3362
5636 3372
5652 3385
5669 3397
5685 3408
5702 3417
5718 3406
5734 3436
5751 3445
5767 3436
5783 3463
5800 3468
5816 3538
5833 3486
5849 3490
5865 3498
5882 3506
5898 3511
5915 3509
5931 3522
5947 3529
5964 3527
5980 3537
5997 3539
6013 3554
6029 3549
6046 3552
6062 3556
6079 3557
6095 3561
6111 3565
6128 3569
6144 3569
6161 3549
6177 3533
6193 3509
6210 3486
6226 3452
6243 3457
6259 3369
6275 3320
6292 3288
6308 3203
6325 3138
6341 3130
6357 2990
6374 2910
6390 2827
6406 2743
6423 2656
6439 2564
6456 2466
6472 2370
6488 2276
6505 2175
6521 2073
6538 1967
6554 1866
6570 1762
6587 1658
6603 1560
6620 1455
6636 1359
6652 1266
6669 1171
6685 1076
6702 989
6718 913
6734 824
6751 745
6767 648
6784 611
6800 546
6816 415
6833 440
6849 394
6865 360
6882 319
6898 297
6915 283
6931 258
6947 247
6964 227
6980 241
6997 248
7013 256
7029 249
7046 253
7062 261
7079 263
7095 269
7111 272
7128 275
7144 283
7161 287
7177 291
7193 302
7210 306
7226 310
7243 479
7259 330
7275 335
7292 327
7308 353
7324 363
7341 324
7357 381
7374 389
7390 401
7406 411
7423 420
7439 439
7456 447
7472 457
7488 466
7505 482
7521 496
7538 511
7554 528
7570 534
7587 556
7603 564
7620 581
7636 597
7652 615
7669 631
7685 645
7702 663
7718 676
7734 697
7751 717
7767 746
7783 753
7800 771
7816 713
7833 809
7849 830
7865 843
7882 871
7898 891
7915 913
7931 932
7947 955
7964 980
7980 994
7997 1018
8013 1026
8029 1063
8046 1082
8062 1106
8079 1127
8095 1152
8111 1173
8128 1199
8144 1221
8161 1243
8177 1268
8193 1292
8210 1317
8226 1343
8243 1237
8259 1385
8275 1412
8292 1428
8308 1462
8325 1480
8341 1505
8357 1529
8374 1558
8390 1582
8406 1605
8423 1632
8439 1661
8456 1684
8472 1710
8488 1743
8505 1758
8521 1783
8538 1812
8554 1834
8570 1863
8587 1888
8603 1913
8620 1940
8636 1966
8652 1989
8669 2017
8685 2042
8702 2069
8718 2088
8734 2119
8751 2139
8767 2156
8784 2195
8800 2217
8816 2282
8833 2266
8849 2290
8865 2314
8882 2338
8898 2361
8915 2375
8931 2408
8947 2433
8964 2458
8980 2481
8997 2505
9013 2527
9029 2554
9046 2575
9062 2600
9079 2624
9095 2646
9111 2670
9128 2692
9144 2710
9161 2732
9177 2755
9193 2775
9210 2799
9226 2818
9243 2840
9259 2863
9275 2881
9292 2969
9308 2922
9324 2942
9341 2996
9357 2981
9374 3000
9390 3020
9406 3036
9423 3055
9439 3068
9456 3094
9472 3108
9488 3131
9505 3142
9521 3162
9538 3177
9554 3194
9570 3207
9587 3225
9603 3237
9620 3252
9636 3269
9652 3282
9669 3296
9685 3309
9702 3323
9718 3332
9734 3345
9751 3358
9767 3375
9783 3382
9800 3392
9816 3405
9833 3414
9849 3425
9865 3440
9882 3442
9898 3451
9915 3459
9931 3471
9947 3477
9964 3483
9980 3495
9997 3499
10013 3512
10029 3510
10046 3515
10062 3521
10079 3527
10095 3532
10111 3535
10128 3541
10144 3544
10161 3549
10177 3551
10193 3557
10210 3557
10226 3562
10243 3561
10259 3564
10275 3573
10292 3559
10308 3534
10325 3515
10341 3460
10357 3456
10374 3424
10390 3377
10406 3332
10423 3276
10439 3216
10456 3156
10472 3084
10488 3013
10505 2930
10521 2847
10538 2760
10554 2674
10570 2582
10587 2488
10603 2389
10620 2295
10636 2194
10652 2091
10669 1990
10685 1886
10702 1785
10718 1675
10734 1578
10751 1478
10767 1386
10784 1283
10800 1191
10816 1040
10833 1008
10849 921
10865 844
10882 760
10898 691
10915 618
10931 559
10947 501
10964 451
10980 404
10997 366
11013 314
11029 298
11046 281
11062 260
11079 250
11095 236
11111 242
11128 244
11144 250
11161 251
11177 256
11193 262
11210 262
11226 271
11243 259
11259 279
11275 281
11292 289
11308 294
11324 298
11341 322
11357 312
11374 317
11390 327
11406 332
11423 346
11439 351
11456 359
11472 366
11488 382
11505 391
11521 396
11538 412
11554 419
11570 432
11587 446
11603 456
11620 466
11636 481
11652 495
11669 508
11685 521
11702 534
11718 545
11734 563
11751 580
11767 595
11783 608
11800 627
11816 693
11833 662
11849 677
11865 711
11882 712
11898 728
11915 758
11931 768
11947 786
11964 812
11980 829
11997 846
12013 866
12029 888
12046 907
12062 928
12079 951
12095 969
12111 994
12128 1014
12144 1035
12161 1057
12177 1079
12193 1101
12210 1125
12226 1146
12243 1175
12259 1193
12275 1216
12292 1325
12308 1262
12325 1285
12341 1304
12357 1336
12374 1360
12390 1381
12406 1408
12423 1432
12439 1453
12456 1480
12472 1501
12488 1527
12505 1553
12521 1576
12538 1600
12554 1624
12570 1652
12587 1675
12603 1702
12620 1726
12636 1754
12652 1777
12669 1805
12685 1828
12702 1858
12718 1880
12734 1911
12751 1936
12767 1897
12784 1984
12800 2013
12816 2057
12833 2060
12849 2088
12865 1819
12882 2137
12898 2165
12915 2185
12931 2211
12947 2239
12964 2268
12980 2284
12997 2310
13013 2341
13029 2354
13046 2381
13062 2405
13079 2426
13095 2455
13111 2476
13128 2499
13144 2524
13161 2545
13177 2569
13193 2599
13210 2617
13226 2639
13243 2788
13259 2685
13275 2702
13292 2818
13308 2750
13324 2768
13341 2795
13357 2814
13374 2835
13390 2856
13406 2875
13423 2896
13439 2920
13456 2941
13472 2959
13488 2979
13505 2995
13521 3016
13538 3037
13554 3051
13570 3071
13587 3091
13603 3107
13620 3125
13636 3139
13652 3158
13669 3174
13685 3189
13702 3206
13718 3220
13734 3237
13751 3252
13767 3179
13783 3279
13800 3293
13816 3316
13833 3320
13849 3332
13865 3395
13882 3358
13898 3369
13915 3377
13931 3390
13947 3400
13964 3414
13980 3423
13997 3430
14013 3444
14029 3451
14046 3463
14062 3466
14079 3478
14095 3485
14111 3488
14128 3498
14144 3506
14161 3512
14177 3517
14193 3520
14210 3528
14226 3532
14243 3517
14259 3540
14275 3545
14292 3554
14308 3551
14325 3554
14341 3532
14357 3556
14374 3566
14390 3568
14406 3569
14423 3555
14439 3548
14456 3526
14472 3499
14488 3466
14505 3430
14521 3388
14538 3340
14554 3290
14570 3229
14587 3167
14603 3099
14620 3026
14636 2949
14652 2863
14669 2779
14685 2691
14702 2602
14718 2508
14734 2410
14751 2309
14767 2229
14784 2115
14800 2010
14816 1835
14833 1804
14849 1701
14865 1559
14882 1500
14898 1403
14915 1303
14931 1206
14947 1116
14964 1028
14980 939
14997 858
15013 781
15029 701
15046 630
15062 567
15079 506
15095 456
15111 411
15128 372
15144 331
15161 303
15177 277
15193 260
15210 246
15226 237
15243 240
15259 240
15275 243
15292 231
15308 252
15324 255
15341 252
15357 262
15374 265
15390 271
15406 277
15423 281
15439 294
15456 295
15472 298
15488 308
15505 314
15521 323
15538 331
15554 336
15570 345
15587 357
15603 365
15620 376
15636 382
15652 395
15669 407
15685 417
15702 427
15718 442
15734 452
15751 465
15767 470
15783 493
15800 505
15816 499
15833 531
15849 547
15865 559
15882 576
15898 591
15915 607
15931 623
15947 641
15964 654
15980 675
15997 691
16013 715
16029 729
16046 746
16062 763
16079 783
16095 802
16111 823
16128 840
16144 863
16161 881
16177 904
16193 923
16210 945
16226 966
16243 1016
16259 1011
16275 1027
16292 1155
16308 1075
16325 1096
16341 1107
16357 1144
16374 1164
16390 1188
16406 1212
16423 1237
16439 1258
16456 1283
16472 1311
16488 1341
16505 1354
16521 1376
16538 1402
16554 1424
16570 1453
16587 1477
16603 1498
16620 1521
16636 1548
16652 1571
16669 1601
16685 1622
16702 1648
16718 1672
16734 1700
16751 1724
16767 1757
16784 1777
16800 1801
16816 1866
16833 1852
16849 1880
16865 1914
16882 1930
16898 1956
16915 1977
16931 2007
16947 2031
16964 2058
16980 2084
16997 2112
17013 2140
17029 2158
17046 2182
17062 2210
17079 2233
17095 2256
17111 2279
17128 2306
17144 2328
17161 2355
17177 2378
17193 2399
17210 2424
17226 2448
17243 2474
17259 2495
17275 2518
17292 2534
17308 2567
17324 2594
17341 2603
17357 2634
17374 2657
17390 2682
17406 2699
17423 2724
17439 2734
17456 2768
17472 2790
17488 2812
17505 2833
17521 2852
17538 2870
17554 2896
17570 2914
17587 2936
17603 2955
17620 2974
17636 2994
17652 3012
17669 3032
17685 3046
17702 3068
17718 3086
17734 3104
17751 3120
17767 3120
17783 3153
17800 3171
17816 3267
17833 3203
17849 3219
17865 3042
17882 3251
17898 3263
17915 3276
17931 3288
17947 3304
17964 3317
17980 3327
17997 3343
18013 3353
18029 3366
18046 3379
18062 3390
18079 3398
18095 3410
18111 3419
18128 3429
18144 3443
18161 3448
18177 3456
18193 3466
18210 3472
18226 3483
18243 3498
18259 3495
18275 3502
18292 3573
18308 3514
18325 3520
18341 3414
18357 3534
18374 3532
18390 3541
18406 3544
18423 3544
18439 3549
18456 3553
18472 3556
18488 3564
18505 3563
18521 3566
18538 3566
18554 3558
18570 3544
18587 3523
18603 3500
18620 3472
18636 3439
18652 3396
18669 3353
18685 3301
18702 3244
18718 3180
18734 3112
18751 3042
18767 2938
18784 2881
18800 2798
18816 2696
18833 2620
18849 2528
18865 2344
18882 2337
18898 2236
18915 2134
18931 2033
18947 1931
18964 1831
18980 1725
18997 1625
19013 1508
19029 1426
19046 1324
19062 1231
19079 1135
19095 1047
19111 960
19128 875
19144 792
19161 722
19177 649
19193 582
19210 523
19226 473
19243 425
19259 383
19275 344
19292 367
19308 286
19324 264
19341 242
19357 239
19374 244
19390 246
19406 247
19423 252
19439 251
19456 259
19472 260
19488 260
19505 270
19521 277
19538 245
19554 281
19570 290
19587 296
19603 304
19620 311
19636 316
19652 325
19669 332
19685 338
19702 347
19718 360
19734 364
19751 376
19767 450
19783 395
19800 405
19816 292
19833 430
19849 441
19865 394
19882 460
19898 476
19915 489
19931 502
19947 516
19964 534
19980 547
19997 553
20013 573
20029 589
20046 606
20062 619
20079 641
20095 653
20111 669
20128 688
20144 704
20161 723
20177 748
20193 759
20210 780
20226 795
20243 817
20259 837
20275 857
20292 884
20308 898
20325 917
20341 1060
20357 960
20374 982
20390 1005
20406 1023
20423 1044
20439 1058
20456 1092
20472 1112
20488 1141
20505 1159
20521 1182
20538 1206
20554 1229
20570 1252
20587 1277
20603 1301
20620 1325
20636 1348
20652 1372
20669 1397
20685 1421
20702 1446
20718 1469
20734 1495
20751 1520
20767 1583
20784 1567
20800 1590
20816 1697
20833 1641
20849 1667
20865 1724
20882 1717
20898 1745
20915 1766
20931 1795
20947 1821
20964 1838
20980 1868
20997 1899
21013 1923
21029 1950
21046 1973
21062 2000
21079 2023
21095 2057
21111 2075
21128 2098
21144 2127
21161 2153
21177 2172
21193 2199
21210 2221
21226 2247
21243 2273
21259 2296
21275 2322
21292 2330
21308 2367
21324 2393
21341 2464
21357 2446
21374 2467
21390 2490
21406 2512
21423 2541
21439 2559
21456 2584
21472 2605
21488 2633
21505 2655
21521 2675
21538 2700
21554 2722
21570 2741
21587 2764
21603 2784
21620 2804
21636 2827
21652 2847
21669 2865
21685 2890
21702 2911
21718 2930
21734 2952
21751 2971
21767 2803
21783 3007
21800 3027
21816 3142
21833 3065
21849 3084
21865 3104
21882 3119
21898 3132
21915 3148
21931 3169
21947 3183
21964 3193
21980 3214
21997 3230
22013 3237
22029 3258
22046 3275
22062 3286
22079 3303
22095 3316
22111 3326
22128 3341
22144 3350
22161 3365
22177 3370
22193 3384
22210 3398
22226 3408
22243 3421
22259 3426
22275 3438
22292 3433
22308 3457
22325 3463
22341 3433
22357 3480
22374 3488
22390 3493
22406 3502
22423 3505
22439 3521
22456 3519
22472 3524
22488 3529
22505 3531
22521 3537
22538 3544
22554 3545
22570 3550
22587 3552
22603 3554
22620 3560
22636 3565
22652 3568
22669 3571
22685 3560
22702 3545
22718 3529
22734 3510
22751 3483
22767 3446
22784 3408
22800 3361
22816 3317
22833 3257
22849 3195
22865 3091
22882 3058
22898 2984
22915 2895
22931 2818
22947 2730
22964 2646
22980 2549
22997 2456
23013 2353
23029 2261
23046 2160
23062 2060
23079 1956
23095 1850
23111 1746
23128 1645
23144 1544
23161 1446
23177 1344
23193 1254
23210 1158
23226 1066
23243 974
23259 894
23275 811
23292 737
23308 661
23324 598
23341 420
23357 483
23374 433
23390 390
23406 351
23423 322
23439 300
23456 273
23472 256
23488 244
23505 246
23521 244
23538 250
23554 250
23570 252
23587 261
23603 262
23620 264
23636 271
23652 274
23669 277
23685 283
23702 286
23718 294
23734 301
23751 308
23767 314
23783 321
23800 329
23816 378
23833 346
23849 352
23865 383
23882 371
23898 380
23915 394
23931 401
23947 414
23964 432
23980 438
23997 445
24013 454
24029 471
24046 484
24062 500
24079 512
24095 522
24111 541
24128 552
24144 570
24161 585
24177 603
24193 615
24210 634
24226 646
24243 664
24259 683
24275 700
24292 671
24308 738
24325 754
24341 790
24357 788
24374 811
24390 829
24406 851
24423 873
24439 895
24456 911
24472 935
24488 956
24505 975
24521 998
24538 1030
24554 1041
24570 1062
24587 1083
24603 1107
24620 1132
24636 1155
24652 1177
24669 1199
24685 1222
24702 1250
24718 1271
24734 1293
24751 1318
24767 1347
24784 1364
24800 1390
24816 1374
24833 1437
24849 1460
24865 1478
24882 1511
24898 1534
24915 1562
24931 1587
24947 1609
24964 1637
24980 1660
24997 1684
25013 1709
25029 1738
25046 1763
25062 1785
25079 1813
25095 1842
25111 1862
25128 1892
25144 1917
25161 1942
25177 1966
25193 1995
25210 2018
25226 2045
25243 2072
25259 2097
25275 2124
25292 2158
25308 2168
25324 2195
25341 2292
25357 2248
25374 2268
25390 2293
25406 2315
25423 2343
25439 2379
25456 2391
25472 2413
25488 2428
25505 2462
25521 2484
25538 2509
25554 2530
25570 2554
25587 2578
25603 2600
25620 2624
25636 2647
25652 2668
25669 2690
25685 2716
25702 2733
25718 2755
25734 2777
25751 2798
25767 2816
25783 2842
25800 2859
25816 2890
25833 2905
25849 2923
25865 2945
25882 2966
25898 2963
25915 3009
25931 3021
25947 3038
25964 3059
25980 3078
25997 3091
26013 3111
26029 3131
26046 3146
26062 3162
26079 3181
26095 3194
26111 3211
26128 3223
26144 3239
26161 3257
26177 3269
26193 3282
26210 3297
26226 3309
26243 3321
26259 3336
26275 3349
26292 3349
26308 3371
26325 3383
26341 3375
26357 3406
26374 3414
26390 3425
26406 3433
26423 3444
26439 3459
26456 3461
26472 3470
26488 3476
26505 3486
26521 3493
26538 3495
26554 3505
26570 3512
26587 3517
26603 3527
26620 3528
26636 3529
26652 3536
26669 3540
26685 3541
26702 3550
26718 3552
26734 3550
26751 3560
26767 3412
26784 3563
26800 3568
26816 3603
26833 3551
26849 3536
26865 3513
26882 3488
26898 3457
26915 3423
26931 3376
26947 3324
26964 3272
26980 3212
26997 3148
27013 3073
27029 3004
27046 2920
27062 2840
27079 2753
27095 2667
27111 2573
27128 2476
27144 2381
27161 2281
27177 2185
27193 2083
27210 1979
27226 1876
27243 1773
27259 1670
27275 1566
27292 1404
27308 1369
27324 1279
27341 1153
27357 1086
27374 999
27390 915
27406 829
27423 755
27439 687
27456 615
27472 551
27488 493
27505 446
27521 401
27538 349
27554 328
27570 298
27587 274
27603 260
27620 245
27636 235
27652 245
27669 244
27685 251
27702 253
27718 255
27734 262
27751 264
27767 302
27783 270
27800 275
27816 310
27833 279
27849 295
27865 309
27882 307
27898 312
27915 316
27931 325
27947 333
27964 346
27980 353
27997 361
28013 369
28029 378
28046 387
28062 401
28079 410
28095 421
28111 433
28128 443
28144 460
28161 473
28177 481
28193 493
28210 508
28226 521
28243 538
28259 550
28275 565
28292 585
28308 597
28325 609
28341 603
28357 644
28374 663
28390 681
28406 697
28423 713
28439 736
28456 749
28472 770
28488 788
28505 809
28521 829
28538 849
28554 870
28570 888
28587 908
28603 928
28620 948
28636 973
28652 992
28669 1018
28685 1037
28702 1058
28718 1079
28734 1105
28751 1125
28767 1134
28784 1171
28800 1196
28816 1222
28833 1241
28849 1265
28865 1287
28882 1312
28898 1335
28915 1362
28931 1382
28947 1407
28964 1425
28980 1456
28997 1477
29013 1499
29029 1528
29046 1556
29062 1579
29079 1603
29095 1627
29111 1656
29128 1682
29144 1703
29161 1731
29177 1758
29193 1783
29210 1808
29226 1834
29243 1856
29259 1884
29275 1912
29292 1917
29308 1962
29324 1988
29341 1904
29357 2040
29374 2067
29390 2090
29406 2116
29423 2139
29439 2165
29456 2192
29472 2214
29488 2241
29505 2263
29521 2291
29538 2314
29554 2336
29570 2356
29587 2384
29603 2408
29620 2430
29636 2460
29652 2481
29669 2502
29685 2531
29702 2549
29718 2571
29734 2594
29751 2621
29767 2622
29783 2668
29800 2690
29816 2698
29833 2730
29849 2753
29865 2760
29882 2798
29898 2817
29915 2837
29931 2858
29947 2879
29964 2899
29980 2921
29997 2939
30013 2946
30029 2980
30046 3001
30062 3004
30079 3038
30095 3056
30111 3076
30128 3092
30144 3109
30161 3132
30177 3145
30193 3158
30210 3176
30226 3190
30243 3206
30259 3219
30275 3240
30292 3311
30308 3269
30325 3281
30341 3286
30357 3307
30374 3321
30390 3337
30406 3343
30423 3356
30439 3371
30456 3380
30472 3391
30488 3401
30505 3413
30521 3423
30538 3424
30554 3444
30570 3451
30587 3461
30603 3466
30620 3479
30636 3485
30652 3491
30669 3501
30685 3503
30702 3512
30718 3516
30734 3522
30751 3526
30767 3542
30784 3535
30800 3541
30816 3536
30833 3550
30849 3551
30865 3526
30882 3559
30898 3560
30915 3564
30931 3569
30947 3572
30964 3561
30980 3537
30997 3520
31013 3492
31029 3461
31046 3425
31062 3384
31079 3335
31095 3284
31111 3228
31128 3159
31144 3092
31161 3019
31177 2939
31193 2857
31210 2771
31226 2682
31243 2593
31259 2498
31275 2402
31292 2304
31308 2204
31324 2105
31341 2112
31357 1900
31374 1792
31390 1692
31406 1588
31423 1488
31439 1391
31456 1294
31472 1198
31488 1103
31505 1017
31521 930
31538 847
31554 772
31570 695
31587 629
31603 565
31620 505
31636 454
31652 409
31669 367
31685 334
31702 301
31718 278
31734 261
31751 250
31767 241
31783 245
31800 244
31816 249
31833 252
31849 256
31865 126
31882 259
31898 267
31915 271
31931 275
31947 280
31964 290
31980 291
31997 296
32013 302
32029 308
32046 317
32062 333
32079 334
32095 340
32111 351
32128 357
32144 367
32161 376
32177 388
32193 399
32210 407
32226 420
32243 430
32259 440
32275 456
32292 388
32308 478
32325 493
32341 580
32357 517
32374 533
32390 548
32406 561
32423 578
32439 591
32456 609
32472 626
32488 631
32505 657
32521 674
32538 698
32554 709
32570 729
32587 747
32603 764
32620 783
32636 803
32652 821
32669 846
32685 861
32702 886
32718 906
32734 929
32751 946
32767 967
32784 992
32800 1010
32816 1018
32833 1055
32849 1073
32865 1106
32882 1119
32898 1145
32915 1173
32931 1188
32947 1212
32964 1239
32980 1258
32997 1284
33013 1298
33029 1332
33046 1357
33062 1418
33079 1404
33095 1426
33111 1451
33128 1477
33144 1499
33161 1526
33177 1549
33193 1573
33210 1597
33226 1626
33243 1653
33259 1674
33275 1702
33292 1603
33308 1760
33324 1778
33341 1753
33357 1830
33374 1853
33390 1882
33406 1908
33423 1931
33439 1971
33456 1986
33472 2006
33488 2040
33505 2060
33521 2083
33538 2112
33554 2138
33570 2163
33587 2185
33603 2209
33620 2235
33636 2259
33652 2285
33669 2304
33685 2333
33702 2353
33718 2381
33734 2405
33751 2428
33767 2447
33783 2476
33800 2501
33816 2588
33833 2545
33849 2569
33865 2689
33882 2615
33898 2639
33915 2660
33931 2682
33947 2705
33964 2737
33980 2750
33997 2770
34013 2789
34029 2812
34046 2835
34062 2845
34079 2877
34095 2896
34111 2920
34128 2936
34144 2957
34161 2977
34177 2996
34193 3014
34210 3032
34226 3052
34243 3071
34259 3090
34275 3105
34292 3231
34308 3142
34325 3156
34341 3079
34357 3188
34374 3206
34390 3223
34406 3235
34423 3248
34439 3275
34456 3279
34472 3292
34488 3310
34505 3319
34521 3329
34538 3345
34554 3355
34570 3369
34587 3378
34603 3388
34620 3399
34636 3413
34652 3421
34669 3428
34685 3441
34702 3449
34718 3459
34734 3464
34751 3471
34767 3485
34784 3492
34800 3494
34816 3498
34833 3512
34849 3512
34865 3534
34882 3525
34898 3529
34915 3533
34931 3540
34947 3549
34964 3554
34980 3552
34997 3551
35013 3551
35029 3560
35046 3560
35062 3568
35079 3568
35095 3558
35111 3541
35128 3524
35144 3501
35161 3472
35177 3435
35193 3396
35210 3347
35226 3295
35243 3238
35259 3175
35275 3106
35292 3293
35308 2958
35324 2878
35341 2805
35357 2705
35374 2610
35390 2517
35406 2423
35423 2322
35439 2233
35456 2127
35472 2026
35488 1929
35505 1815
35521 1714
35538 1622
35554 1511
35570 1410
35587 1318
35603 1220
35620 1126
35636 1036
35652 950
35669 867
35685 795
35702 712
35718 641
35734 577
35751 518
35767 457
35783 418
35800 376
35816 333
35833 307
35849 286
35865 320
35882 252
35898 240
35915 233
35931 247
35947 248
35964 249
35980 255
35997 256
36013 264
36029 266
36046 270
36062 279
36079 279
36095 285
36111 290
36128 295
36144 300
36161 309
36177 316
36193 323
36210 332
36226 338
36243 348
36259 356
36275 364
36292 386
36308 384
36325 397
36341 398
36357 416
36374 428
36390 438
36406 450
36423 462
36439 483
36456 489
36472 503
36488 517
36505 536
36521 543
36538 562
36554 574
36570 588
36587 604
36603 623
36620 637
36636 655
36652 671
36669 691
36685 708
36702 728
36718 736
36734 762
36751 780
36767 802
36784 820
36800 837
36816 856
36833 876
36849 900
36865 933
36882 940
36898 965
36915 994
36931 1006
36947 1028
36964 1037
36980 1070
36997 1095
37013 1114
37029 1138
37046 1162
37062 1187
37079 1210
37095 1233
37111 1254
37128 1281
37144 1299
37161 1329
37177 1351
37193 1375
37210 1397
37226 1424
37243 1445
37259 1471
37275 1494
37292 1525
37308 1543
37324 1569
37341 1598
37357 1621
37374 1643
37390 1668
37406 1695
37423 1721
37439 1752
37456 1775
37472 1797
37488 1813
37505 1846
37521 1874
37538 1905
37554 1930
37570 1955
37587 1977
37603 2001
37620 2029
37636 2052
37652 2078
37669 2105
37685 2130
37702 2153
37718 2181
37734 2200
37751 2229
37767 2257
37783 2276
37800 2301
37816 2337
37833 2349
37849 2372
37865 2311
37882 2423
37898 2444
37915 2474
37931 2491
37947 2516
37964 2541
37980 2564
37997 2586
38013 2601
38029 2631
38046 2652
38062 2673
38079 2697
38095 2722
38111 2741
38128 2762
38144 2784
38161 2805
38177 2831
38193 2845
38210 2865
38226 2891
38243 2909
38259 2928
38275 2949
38292 2810
38308 2988
38325 3007
38341 3007
38357 3045
38374 3063
38390 3082
38406 3100
38423 3119
38439 3134
38456 3150
38472 3173
38488 3185
38505 3204
38521 3214
38538 3234
38554 3246
38570 3262
38587 3274
38603 3287
38620 3303
38636 3315
38652 3326
38669 3340
38685 3353
38702 3365
38718 3375
38734 3388
38751 3396
38767 3405
38784 3419
38800 3428
38816 3525
38833 3448
38849 3456
38865 3455
38882 3473
38898 3481
38915 3256
38931 3494
38947 3501
38964 3508
38980 3512
38997 3519
39013 3530
39029 3531
39046 3533
39062 3530
39079 3543
39095 3545
39111 3549
39128 3556
39144 3555
39161 3561
39177 3562
39193 3566
39210 3570
39226 3561
39243 3544
39259 3529
39275 3505
39292 3461
39308 3444
39324 3404
39341 3324
39357 3308
39374 3252
39390 3191
39406 3124
39423 3051
39439 2965
39456 2897
39472 2809
39488 2720
39505 2632
39521 2540
39538 2445
39554 2349
39570 2252
39587 2151
39603 2046
39620 1945
39636 1841
39652 1736
39669 1635
39685 1534
39702 1437
39718 1341
39734 1246
39751 1149
39767 1062
39783 973
39800 887
39816 817
39833 729
39849 660
39865 676
39882 534
39898 477
39915 429
39931 387
39947 350
39964 306
39980 291
39997 269
40013 254
40029 242
40046 245
40062 250
40079 250
40095 252
40111 255
40128 259
40144 263
40161 264
40177 271
40193 274
40210 278
40226 287
40243 289
40259 296
40275 302
40292 262
40308 314
40325 325
40341 230
40357 334
40374 346
40390 353
40406 364
40423 373
40439 379
40456 391
40472 406
40488 414
40505 426
40521 433
40538 452
40554 462
40570 473
40587 484
40603 500
40620 514
40636 529
40652 538
40669 554
40685 572
40702 590
40718 603
40734 618
40751 632
40767 651
40784 667
40800 684
40816 692
40833 720
40849 739
40865 840
40882 773
40898 795
40915 751
40931 835
40947 855
40964 874
40980 893
40997 917
41013 936
41029 959
41046 980
41062 1003
41079 1023
41095 1041
41111 1067
41128 1090
41144 1111
41161 1133
41177 1157
41193 1181
41210 1204
41226 1226
41243 1252
41259 1274
41275 1298
41292 1217
41308 1346
41324 1368
41341 1370
41357 1416
41374 1437
41390 1466
41406 1489
41423 1515
41439 1536
41456 1562
41472 1586
41488 1615
41505 1637
41521 1668
41538 1690
41554 1715
41570 1740
41587 1767
41603 1791
41620 1821
41636 1842
41652 1869
41669 1898
41685 1922
41702 1945
41718 1972
41734 1997
41751 2023
41767 2050
41783 2074
41800 2098
41816 2017
41833 2151
41849 2180
41865 2153
41882 2228
41898 2247
41915 2418
41931 2298
41947 2318
41964 2341
41980 2371
41997 2394
42013 2418
42029 2439
42046 2462
42062 2489
42079 2513
42095 2534
42111 2559
42128 2580
42144 2602
42161 2627
42177 2650
42193 2674
42210 2696
42226 2717
42243 2738
42259 2759
42275 2781
42292 2816
42308 2823
42325 2844
42341 2873
42357 2887
42374 2907
42390 2925
42406 2949
42423 2964
42439 2986
42456 3007
42472 3023
42488 3045
42505 3064
42521 3079
42538 3097
42554 3114
42570 3130
42587 3149
42603 3168
42620 3180
42636 3197
42652 3213
42669 3228
42685 3241
42702 3257
42718 3271
42734 3292
42751 3300
42767 3311
42784 3322
42800 3340
42816 3345
42833 3360
42849 3374
42865 3275
42882 3393
42898 3409
42915 3431
42931 3428
42947 3435
42964 3446
42980 3453
42997 3465
43013 3472
43029 3481
43046 3488
43062 3494
43079 3500
43095 3506
43111 3513
43128 3519
43144 3523
43161 3527
43177 3531
43193 3536
43210 3540
43226 3548
43243 3548
43259 3554
43275 3554
43292 3574
43308 3561
43324 3567
43341 3562
43357 3566
43374 3551
43390 3534
43406 3510
43423 3484
43439 3452
43456 3416
43472 3371
43488 3323
43505 3264
43521 3207
43538 3148
43554 3067
43570 2996
43587 2913
43603 2828
43620 2743
43636 2654
43652 2561
43669 2465
43685 2367
43702 2273
43718 2175
43734 2073
43751 1969
43767 1863
43783 1761
43800 1655
43816 1556
43833 1458
43849 1360
43865 1260
43882 1171
43898 1077
43915 1014
43931 905
43947 821
43964 746
43980 672
43997 607
44013 545
44029 490
44046 439
44062 396
44079 354
44095 323
44111 293
44128 276
44144 259
44161 245
44177 234
44193 242
44210 246
44226 250
44243 257
44259 259
44275 259
44292 272
44308 269
44325 272
44341 247
44357 282
44374 287
44390 295
44406 301
44423 306
44439 312
44456 322
44472 329
44488 332
44505 345
44521 352
44538 369
44554 370
44570 381
44587 416
44603 400
44620 404
44636 424
44652 435
44669 446
44685 456
44702 472
44718 482
44734 494
44751 510
44767 527
44784 533
44800 556
44816 475
44833 580
44849 595
44865 731
44882 627
44898 648
44915 482
44931 678
44947 701
44964 716
44980 730
44997 754
45013 768
45029 790
45046 808
45062 832
45079 850
45095 868
45111 888
45128 911
45144 932
45161 953
45177 970
45193 994
45210 1017
45226 1036
45243 1059
45259 1086
45275 1103
45292 1117
45308 1149
45324 1170
45341 1071
45357 1220
45374 1244
45390 1269
45406 1290
45423 1312
45439 1340
45456 1363
45472 1385
45488 1403
45505 1435
45521 1459
45538 1489
45554 1506
45570 1532
45587 1558
45603 1583
45620 1606
45636 1632
45652 1656
45669 1680
45685 1707
45702 1732
45718 1758
45734 1782
45751 1813
45767 1837
45783 1862
45800 1889
45816 1907
45833 1940
45849 1964
45865 2025
45882 2017
45898 2042
45915 1872
45931 2094
45947 2121
45964 2142
45980 2168
45997 2194
46013 2231
46029 2243
46046 2264
46062 2287
46079 2314
46095 2339
46111 2363
46128 2385
46144 2411
46161 2433
46177 2459
46193 2481
46210 2504
46226 2531
46243 2552
46259 2577
46275 2600
46292 2626
46308 2647
46325 2664
46341 2697
46357 2711
46374 2730
46390 2755
46406 2773
46423 2797
46439 2821
46456 2839
46472 2860
46488 2875
46505 2903
46521 2923
46538 2960
46554 2961
46570 2983
46587 3000
46603 3023
46620 3041
46636 3056
46652 3076
46669 3095
46685 3109
46702 3127
46718 3143
46734 3161
46751 3181
46767 3192
46784 3208
46800 3225
46816 3100
46833 3254
46849 3269
46865 3332
46882 3295
46898 3310
46915 3317
46931 3335
46947 3347
46964 3351
46980 3370
46997 3384
47013 3395
47029 3406
47046 3413
47062 3414
47079 3433
47095 3445
47111 3452
47128 3461
47144 3468
47161 3479
47177 3485
47193 3495
47210 3499
47226 3498
47243 3511
47259 3518
47275 3520
47292 3528
47308 3533
47324 3535
47341 3538
47357 3544
47374 3549
47390 3551
47406 3556
47423 3558
47439 3564
47456 3566
47472 3566
47488 3572
47505 3552
47521 3535
47538 3522
47554 3492
47570 3460
47587 3409
47603 3379
47620 3328
47636 3277
47652 3218
47669 3152
47685 3088
47702 3010
47718 2933
47734 2847
47751 2764
47767 2672
47783 2581
47800 2486
47816 2363
47833 2293
47849 2195
47865 2119
47882 1993
47898 1884
47915 1786
47931 1680
47947 1575
47964 1466
47980 1384
47997 1286
48013 1187
48029 1093
48046 1007
48062 918
48079 844
48095 759
48111 688
48128 621
48144 558
48161 506
48177 451
48193 402
48210 363
48226 329
48243 302
48259 278
48275 264
48292 249
48308 239
48325 241
48341 245
48357 252
48374 252
48390 257
48406 261
48423 263
48439 276
48456 272
48472 277
48488 283
48505 289
48521 294
48538 305
48554 304
48570 313
48587 322
48603 324
48620 341
48636 342
48652 350
48669 359
48685 371
48702 378
48718 387
48734 399
48751 409
48767 421
48784 429
48800 446
48816 487
48833 467
48849 481
48865 420
48882 508
48898 521
48915 524
48931 550
48947 563
48964 576
48980 593
48997 610
49013 617
49029 643
49046 659
49062 676
49079 696
49095 710
49111 726
49128 751
49144 766
49161 786
49177 805
49193 825
49210 847
49226 868
49243 884
49259 908
49275 926
49292 945
49308 970
49324 992
49341 1026
49357 1034
49374 1056
49390 1080
49406 1098
49423 1121
49439 1147
49456 1170
49472 1194
49488 1215
49505 1238
49521 1266
49538 1288
49554 1309
49570 1334
49587 1360
49603 1384
49620 1408
49636 1431
49652 1454
49669 1476
49685 1502
49702 1529
49718 1552
49734 1578
49751 1600
49767 1624
49783 1653
49800 1678
49816 1769
49833 1727
49849 1758
49865 1756
49882 1805
49898 1833
49915 1838
49931 1877
49947 1908
49964 1935
49980 1962
49997 1988
50013 2015
50029 2038
50046 2064
50062 2087
50079 2116
50095 2137
50111 2164
50128 2189
50144 2213
50161 2237
50177 2258
50193 2286
50210 2311
50226 2336
50243 2350
50259 2380
50275 2405
50292 2426
50308 2451
50325 2474
50341 2493
50357 2524
50374 2548
50390 2572
50406 2594
50423 2614
50439 2634
50456 2664
50472 2685
50488 2711
50505 2724
50521 2751
50538 2774
50554 2796
50570 2813
50587 2833
50603 2855
50620 2875
50636 2900
50652 2918
50669 2937
50685 2957
50702 2977
50718 2994
50734 3013
50751 3035
50767 3054
50784 3073
50800 3087
50816 3118
50833 3124
50849 3141
50865 3160
50882 3174
50898 3188
50915 3216
50931 3224
50947 3235
50964 3236
50980 3266
50997 3281
51013 3292
51029 3305
51046 3318
51062 3333
51079 3342
51095 3357
51111 3367
51128 3383
51144 3391
51161 3402
51177 3409
51193 3423
51210 3430
51226 3443
51243 3451
51259 3455
51275 3469
51292 3474
51308 3485
51324 3490
51341 3501
51357 3503
51374 3510
51390 3515
51406 3521
51423 3531
51439 3528
51456 3534
51472 3540
51488 3542
51505 3548
51521 3553
51538 3554
51554 3559
51570 3562
51587 3565
51603 3567
51620 3573
51636 3554
51652 3539
51669 3522
51685 3497
51702 3465
51718 3433
51734 3391
51751 3344
51767 3290
51783 3232
51800 3168
51816 3086
51833 3027
51849 2950
51865 2865
51882 2784
51898 2695
51915 2639
51931 2509
51947 2411
51964 2311
51980 2216
51997 2118
52013 2016
52029 1913
52046 1808
52062 1704
52079 1600
52095 1501
52111 1403
52128 1305
52144 1210
52161 1117
52177 1030
52193 943
52210 862
52226 776
52243 705
52259 635
52275 572
52292 512
52308 461
52325 414
52341 373
52357 336
52374 303
52390 285
52406 266
52423 247
52439 310
52456 240
52472 246
52488 253
52505 252
52521 254
52538 251
52554 261
52570 271
52587 269
52603 276
52620 281
52636 286
52652 297
52669 299
52685 302
52702 310
52718 316
52734 324
52751 333
52767 342
52784 348
52800 358
52816 365
52833 377
52849 387
52865 366
52882 408
52898 418
52915 431
52931 442
52947 450
52964 472
52980 478
52997 491
53013 504
53029 519
53046 530
53062 550
53079 560
53095 577
53111 594
53128 608
53144 624
53161 641
53177 657
53193 672
53210 690
53226 709
53243 726
53259 744
53275 760
53292 780
53308 799
53324 822
53341 926
53357 860
53374 883
53390 903
53406 922
53423 944
53439 1161
53456 986
53472 1008
53488 1039
53505 1051
53521 1074
53538 1095
53554 1119
53570 1139
53587 1162
53603 1187
53620 1212
53636 1235
53652 1259
53669 1275
53685 1308
53702 1329
53718 1353
53734 1379
53751 1402
53767 1424
53783 1451
53800 1475
53816 1531
53833 1524
53849 1544
53865 1454
53882 1597
53898 1622
53915 1650
53931 1671
53947 1698
53964 1731
53980 1750
53997 1779
54013 1804
54029 1826
54046 1853
54062 1881
54079 1906
54095 1929
54111 1957
54128 1981
54144 2009
54161 2036
54177 2062
54193 2084
54210 2112
54226 2134
54243 2158
54259 2184
54275 2206
54292 2233
54308 2259
54325 2281
54341 2375
54357 2324
54374 2352
54390 2379
54406 2403
54423 2425
54439 2484
54456 2472
54472 2498
54488 2522
54505 2545
54521 2566
54538 2589
54554 2612
54570 2637
54587 2655
54603 2684
54620 2703
54636 2728
54652 2746
54669 2766
54685 2791
54702 2811
54718 2829
54734 2854
54751 2872
54767 2894
54784 2916
54800 2935
54816 2981
54833 2975
54849 2991
54865 3001
54882 3031
54898 3051
54915 3091
54931 3087
54947 3104
54964 3123
54980 3137
54997 3152
55013 3162
55029 3187
55046 3203
55062 3216
55079 3233
55095 3246
55111 3258
55128 3278
55144 3291
55161 3302
55177 3318
55193 3332
55210 3343
55226 3354
55243 3366
55259 3374
55275 3388
55292 3397
55308 3409
55324 3419
55341 3422
55357 3438
55374 3449
55390 3453
55406 3465
55423 3475
55439 3503
55456 3488
55472 3496
55488 3504
55505 3509
55521 3516
55538 3519
55554 3523
55570 3525
55587 3526
55603 3536
55620 3540
55636 3544
55652 3550
55669 3552
55685 3555
55702 3561
55718 3560
55734 3563
55751 3567
55767 3558
55783 3543
55800 3526
55816 3475
55833 3473
55849 3440
55865 3400
55882 3354
55898 3302
55915 3261
55931 3179
55947 3118
55964 3044
55980 2964
55997 2881
56013 2795
56029 2713
56046 2623
56062 2520
56079 2432
56095 2333
56111 2238
56128 2137
56144 2034
56161 1933
56177 1827
56193 1722
56210 1622
56226 1519
56243 1419
56259 1326
56275 1230
56292 1133
56308 1046
56325 959
56341 877
56357 793
56374 718
56390 645
56406 584
56423 523
56439 486
56456 422
56472 380
56488 340
56505 311
56521 286
56538 269
56554 251
56570 241
56587 231
56603 245
56620 247
56636 249
56652 255
56669 255
56685 263
56702 267
56718 269
56734 274
56751 281
56767 284
56784 290
56800 297
56816 329
56833 309
56849 315
56865 319
56882 330
56898 338
56915 462
56931 356
56947 361
56964 374
56980 381
56997 396
57013 407
57029 415
57046 425
57062 434
57079 449
57095 465
57111 474
57128 488
57144 499
57161 514
57177 526
57193 543
57210 555
57226 572
57243 588
57259 605
57275 616
57292 635
57308 648
57324 671
57341 682
57357 706
57374 719
57390 740
57406 758
57423 779
57439 726
57456 816
57472 838
57488 859
57505 879
57521 900
57538 916
57554 940
57570 960
57587 982
57603 1002
57620 1024
57636 1046
57652 1071
57669 1093
57685 1113
57702 1135
57718 1158
57734 1182
57751 1205
57767 1235
57783 1255
57800 1277
57816 1332
57833 1327
57849 1350
57865 1362
57882 1394
57898 1421
57915 1452
57931 1465
57947 1494
57964 1516
57980 1540
57997 1571
58013 1599
58029 1615
58046 1638
58062 1672
58079 1693
58095 1719
58111 1729
58128 1768
58144 1794
58161 1821
58177 1845
58193 1872
58210 1899
58226 1923
58243 1951
58259 1974
58275 2001
58292 2025
58308 2052
58325 2077
58341 2210
58357 2127
58374 2150
58390 2176
58406 2205
58423 2227
58439 2510
58456 2277
58472 2299
58488 2321
58505 2348
58521 2369
58538 2396
58554 2421
58570 2442
58587 2469
58603 2491
58620 2513
58636 2536
58652 2563
58669 2584
58685 2604
58702 2630
58718 2646
58734 2675
58751 2697
58767 2717
58784 2742
58800 2764
58816 2783
58833 2807
58849 2823
58865 2902
58882 2866
58898 2888
58915 2982
58931 2931
58947 2950
58964 2972
58980 2989
58997 3002
59013 3030
59029 3046
59046 3066
59062 3084
59079 3098
59095 3117
59111 3154
59128 3150
59144 3164
59161 3184
59177 3200
59193 3214
59210 3228
59226 3245
59243 3258
59259 3274
59275 3289
59292 3304
59308 3314
59324 3327
59341 3376
59357 3353
59374 3363
59390 3375
59406 3386
59423 3398
59439 3440
59456 3422
59472 3427
59488 3437
59505 3447
59521 3455
59538 3461
59554 3474
59570 3482
59587 3491
59603 3494
59620 3502
59636 3509
59652 3514
59669 3519
59685 3525
59702 3530
59718 3532
59734 3535
59751 3544
59767 3548
59783 3550
59800 3552
59816 3538
59833 3557
59849 3566
59865 3510
59882 3567
59898 3559
59915 3632
59931 3532
59947 3512
59964 3481
59980 3448
59997 3407
60013 3366
60029 3310
60046 3256
60062 3195
60079 3131
60095 3061
60111 2997
60128 2902
60144 2815
60161 2730
60177 2644
60193 2549
60210 2454
60226 2348
60243 2259
60259 2158
60275 2059
60292 1953
60308 1853
60325 1746
60341 1508
60357 1539
60374 1446
60390 1347
60406 1252
60423 1156
60439 1146
60456 978
60472 895
60488 817
60505 731
60521 664
60538 593
60554 541
60570 484
60587 435
60603 390
60620 349
60636 317
60652 285
60669 272
60685 259
60702 245
60718 247
60734 243
60751 244
60767 253
60784 256
60800 255
60816 270
60833 267
60849 270
60865 247
60882 277
60898 284
60915 186
60931 295
60947 302
60964 305
60980 311
60997 319
61013 341
61029 336
61046 346
61062 342
61079 361
61095 378
61111 384
61128 391
61144 396
61161 415
61177 426
61193 437
61210 449
61226 458
61243 467
61259 486
61275 497
61292 513
61308 523
61324 542
61341 413
61357 575
61374 586
61390 602
61406 615
61423 632
61439 604
61456 663
61472 684
61488 711
61505 719
61521 736
61538 760
61554 774
61570 794
61587 805
61603 833
61620 850
61636 871
61652 893
61669 916
61685 934
61702 954
61718 977
61734 998
61751 1019
61767 1041
61783 1065
61800 1086
61816 1105
61833 1132
61849 1154
61865 1188
61882 1201
61898 1229
61915 1172
61931 1271
61947 1300
61964 1309
61980 1342
61997 1367
62013 1393
62029 1415
62046 1438
62062 1463
62079 1486
62095 1512
62111 1525
62128 1561
62144 1585
62161 1610
62177 1638
62193 1659
62210 1688
62226 1712
62243 1736
62259 1763
62275 1791
62292 1812
62308 1841
62325 1866
62341 1706
62357 1918
62374 1945
62390 1967
62406 1995
62423 2020
62439 2029
62456 2072
62472 2097
62488 2113
62505 2147
62521 2171
62538 2200
62554 2220
62570 2247
62587 2276
62603 2296
62620 2315
62636 2339
62652 2363
62669 2389
62685 2413
62702 2437
62718 2459
62734 2487
62751 2507
62767 2532
62784 2556
62800 2577
62816 2596
62833 2627
62849 2648
62865 2658
62882 2690
62898 2714
62915 2802
62931 2757
62947 2777
62964 2794
62980 2818
62997 2843
63013 2850
63029 2880
63046 2903
63062 2921
63079 2944
63095 2964
63111 2978
63128 3004
63144 3020
63161 3041
63177 3060
63193 3076
63210 3093
63226 3113
63243 3129
63259 3149
63275 3161
63292 3176
63308 3195
63324 3209
63341 3225
63357 3241
63374 3254
63390 3269
63406 3283
63423 3297
63439 3349
63456 3324
63472 3334
63488 3350
63505 3359
63521 3372
63538 3373
63554 3394
63570 3406
63587 3426
63603 3427
63620 3434
63636 3442
63652 3452
63669 3463
63685 3469
63702 3477
63718 3487
63734 3491
63751 3498
63767 3505
63783 3513
63800 3519
63816 3516
63833 3526
63849 3534
63865 3544
63882 3538
63898 3543
63915 3559
63931 3552
63947 3555
63964 3566
63980 3563
63997 3565
64013 3564
64029 3569
64046 3550
64062 3524
64079 3513
64095 3488
64111 3458
64128 3415
64144 3377
64161 3328
64177 3271
64193 3211
64210 3148
64226 3079
64243 3005
64259 2922
64275 2838
64292 2751
64308 2663
64325 2571
64341 2468
64357 2379
64374 2284
64390 2181
64406 2083
64423 1980
64439 1842
64456 1769
64472 1668
64488 1569
64505 1464
64521 1372
64538 1268
64554 1180
64570 1090
64587 999
64603 911
64620 828
64636 751
64652 679
64669 614
64685 549
64702 495
64718 445
64734 399
64751 355
64767 323
64784 294
64800 274
64816 252
64833 243
64849 229
64865 241
64882 241
64898 246
64915 177
64931 248
64947 255
64964 267
64980 261
64997 268
65013 273
65029 275
65046 286
65062 287
65079 297
65095 299
65111 294
65128 314
65144 320
65161 330
65177 335
65193 349
65210 352
65226 369
65243 373
65259 382
65275 394
65292 407
65308 417
65324 432
65341 433
65357 455
65374 463
65390 480
65406 490
65423 503
65439 533
65456 544
65472 549
65488 567
65505 577
65521 591
65538 607
65554 624
65570 637
65587 659
65603 676
65620 695
65636 712
65652 727
65669 749
65685 768
65702 785
65718 804
65734 825
65751 846
65767 865
65783 886
65800 907
65816 936
65833 947
65849 971
65865 992
65882 1011
65898 1034
65915 1076
65931 1077
65947 1103
65964 1147
65980 1143
65997 1170
66013 1179
66029 1218
66046 1239
66062 1258
66079 1287
66095 1306
66111 1333
66128 1355
66144 1382
66161 1406
66177 1430
66193 1455
66210 1478
66226 1503
66243 1527
66259 1549
66275 1578
66292 1602
66308 1627
66325 1651
66341 1716
66357 1704
66374 1729
66390 1751
66406 1779
66423 1806
66439 1823
66456 1857
66472 1883
66488 1906
66505 1934
66521 1958
66538 1988
66554 2010
66570 2039
66587 2065
66603 2090
66620 2111
66636 2139
66652 2161
66669 2189
66685 2213
66702 2238
66718 2263
66734 2288
66751 2312
66767 2333
66784 2357
66800 2381
66816 2407
66833 2431
66849 2455
66865 2580
66882 2501
66898 2524
66915 2545
66931 2572
66947 2595
66964 2317
66980 2639
66997 2663
67013 2686
67029 2707
67046 2730
67062 2754
67079 2771
67095 2793
67111 2822
67128 2838
67144 2857
67161 2878
67177 2899
