2 3490
55 3477
71 3462
88 3447
104 3433
121 3225
137 3398
153 3383
170 3366
186 3348
203 3325
219 3303
235 3281
252 3257
268 3234
285 3211
301 3182
317 3159
334 3133
350 3106
366 3076
383 3048
399 3018
416 2977
432 2957
448 2922
465 2889
481 2854
498 2830
514 2786
530 2754
547 2708
563 2684
580 2646
596 2520
612 2572
629 2536
645 2495
662 2459
678 2421
694 2381
711 2340
727 2305
744 2256
760 2228
776 2187
793 2138
809 2103
825 2064
842 2023
858 1984
875 1941
891 1898
907 1858
924 1816
940 1776
957 1732
973 1689
991 1648
1007 1609
1023 1565
1040 1527
1056 1488
1073 1417
1089 1407
1105 1374
1122 1345
1138 1297
1154 1256
1171 1201
1187 1180
1204 1142
1220 1105
1236 1075
1253 1035
1269 1013
1286 969
1302 935
1318 900
1335 867
1351 837
1368 807
1384 774
1400 742
1417 711
1433 686
1450 654
1466 630
1482 604
1499 579
1515 553
1532 533
1548 510
1564 489
1581 469
1597 485
1613 429
1630 412
1646 381
1663 377
1679 363
1695 350
1712 333
1728 322
1745 311
1761 302
1777 290
1794 281
1810 272
1827 267
1843 261
1859 253
1876 253
1892 244
1909 240
1925 237
1941 239
1958 244
1974 249
1997 343
2013 264
2029 269
2046 291
2062 284
2079 296
2095 303
2111 316
2128 325
2144 327
2161 352
2177 366
2193 381
2210 398
2226 417
2243 431
2259 450
2275 473
2292 491
2308 515
2325 537
2341 558
2357 586
2374 609
2390 639
2406 663
2423 696
2439 720
2456 749
2472 771
2488 808
2505 841
2521 867
2538 905
2554 941
2570 1005
2587 1008
2603 1042
2620 1082
2636 1115
2652 1149
2669 1190
2685 1225
2702 1263
2718 1292
2734 1339
2751 1378
2767 1418
2784 1454
2800 1496
2816 1535
2833 1574
2849 1616
2865 1653
2882 1697
2898 1736
2915 1776
2931 1818
2947 1998
2964 1904
2980 1948
2998 1983
3014 2025
3031 2071
3047 2103
3063 2152
3080 2190
3096 2167
3113 2268
3129 2308
3145 2341
3162 2385
3178 2424
3194 2464
3211 2500
3227 2536
3244 2566
3260 2611
3276 2646
3293 2690
3309 2719
3326 2753
3342 2785
3358 2819
3375 2855
3391 2890
3408 2918
3424 2951
3440 2985
3457 3018
3473 3045
3490 3074
3506 3102
3522 3198
3539 3154
3555 3182
3572 3211
3588 3231
3604 3254
3621 3285
3637 3302
3653 3321
3670 3342
3686 3363
3703 3381
3719 3397
3735 3417
3752 3431
3768 3441
3785 3462
3801 3472
3817 3484
3834 3498
3850 3506
3867 3515
3883 3525
3899 3531
3916 3540
3932 3548
3949 3553
3965 3555
3981 3561
3999 3566
4015 3566
4032 3558
4048 3555
4064 3549
4081 3545
4097 3665
4114 3531
4130 3522
4146 3497
4163 3504
4179 3490
4196 3487
4212 3468
4228 3456
4245 3442
4261 3425
4278 3409
4294 3392
4310 3375
4327 3355
4343 3328
4360 3314
4376 3294
4392 3272
4409 3248
4425 3223
4441 3199
4458 3174
4474 3147
4491 3120
4507 3089
4523 3063
4540 3032
4556 3005
4573 2975
4589 2938
4605 2906
4622 2885
4638 2839
4655 2805
4671 2741
4687 2737
4704 2703
4720 2668
4737 2630
4753 2596
4769 2559
4786 2519
4802 2479
4819 2438
4835 2400
4851 2363
4868 2327
4884 2288
4900 2244
4917 2208
4933 2165
4950 2129
4966 2084
4984 2040
5001 1999
5017 1959
5033 1917
5050 1877
5066 1831
5083 1793
5099 1747
5115 1710
5132 1668
5148 1628
5164 1590
5181 1546
5197 1523
5214 1471
5230 1429
5246 1390
5263 1352
5279 1315
5296 1294
5312 1239
5328 1199
5345 1159
5361 1124
5378 1089
5394 1051
5410 1022
5427 988
5443 945
5460 918
5476 882
5492 850
5509 818
5525 785
5542 756
5558 726
5574 699
5591 671
5607 643
5623 616
5640 590
5656 569
5673 539
5689 518
5705 497
5722 482
5738 454
5755 438
5771 296
5787 404
5804 389
5820 370
5837 355
5853 338
5869 340
5886 316
5902 306
5919 304
5935 290
5951 277
5968 278
5986 259
6002 256
6019 253
6035 242
6052 244
6068 224
6084 239
6101 243
6117 248
6134 252
6150 257
6166 263
6183 270
6199 278
6216 285
6232 292
6248 308
6265 310
6281 329
6297 345
6314 355
6330 368
6347 455
6363 407
6379 422
6396 439
6412 453
6429 478
6445 499
6461 520
6478 545
6494 564
6511 591
6527 618
6543 642
6560 673
6576 698
6593 695
6609 757
6625 789
6642 818
6658 850
6675 885
6691 918
6707 951
6724 986
6740 1020
6756 1052
6773 1090
6789 1123
6806 1159
6822 1268
6838 1235
6855 1276
6871 1203
6888 1351
6904 1391
6920 1366
6937 1469
6953 1504
6970 1544
6987 1587
7004 1628
7020 1670
7036 1708
7053 1750
7069 1795
7085 1828
7102 1876
7118 1925
7135 1959
7151 2000
7167 2042
7184 2082
7200 2123
7217 2161
7233 2199
7249 2237
7266 2276
7282 2317
7299 2357
7315 2394
7331 2433
7348 2469
7364 2509
7381 2544
7397 2583
7413 2620
7430 2655
7446 2764
7463 2731
7479 2760
7495 2816
7512 2827
7528 2860
7544 2895
7561 2926
7577 2959
7594 2990
7610 3019
7626 3048
7643 3087
7659 3107
7676 3132
7692 3161
7708 3187
7725 3211
7741 3232
7758 3257
7774 3277
7790 3302
7807 3319
7823 3345
7840 3362
7856 3380
7872 3414
7889 3413
7905 3430
7922 3444
7938 3459
7954 3472
7971 3479
7991 3500
8007 3508
8024 3515
8040 3523
8057 3531
8073 3540
8089 3546
8106 3551
8122 3698
8138 3558
8155 3564
8171 3619
8188 3554
8204 3551
8220 3521
8237 3537
8253 3534
8270 3529
8286 3514
8302 3509
8319 3506
8335 3488
8352 3475
8368 3459
8384 3448
8401 3433
8417 3437
8434 3401
8450 3383
8466 3366
8483 3344
8499 3329
8516 3307
8532 3286
8548 3261
8565 3239
8581 3213
8597 3185
8614 3162
8630 3133
8647 3116
8663 3080
8679 3049
8696 3012
8712 2988
8729 2957
8745 2926
8761 2890
8778 2857
8794 2823
8811 2793
8827 2756
8843 2727
8860 2684
8876 2649
8893 2613
8909 2578
8925 2540
8942 2502
8958 2461
8975 2423
8992 2381
9008 2346
9025 2306
9041 2266
9058 2226
9074 2187
9090 2146
9107 2104
9123 2067
9140 2022
9156 1984
9172 1923
9189 1897
9205 1856
9222 1796
9238 1774
9254 1731
9271 1755
9287 1651
9304 1610
9320 1572
9336 1532
9353 1491
9369 1451
9385 1413
9402 1375
9418 1335
9435 1299
9451 1258
9467 1218
9484 1184
9500 1147
9517 1111
9533 1075
9549 1039
9566 1004
9582 970
9599 936
9615 902
9631 869
9648 837
9664 800
9681 772
9697 738
9713 711
9730 685
9746 709
9763 630
9779 602
9795 602
9812 552
9828 533
9844 509
9861 488
9877 467
9894 447
9910 427
9926 413
9943 393
9959 377
9976 361
9999 342
10016 331
10032 314
10048 305
10065 296
10081 287
10098 274
10114 271
10130 263
10147 268
10163 254
10179 244
10196 164
10212 237
10229 233
10245 239
10261 246
10278 251
10294 250
10311 263
10327 267
10343 279
10360 284
10376 291
10393 304
10409 312
10425 325
10442 340
10458 352
10475 364
10491 383
10507 400
10524 413
10540 435
10557 455
10573 472
10589 494
10606 517
10622 552
10638 562
10655 587
10671 617
10688 635
10704 663
10720 731
10737 723
10753 751
10770 778
10786 808
10802 839
10819 874
10835 909
10852 940
10868 974
10884 1012
10901 1045
10917 1078
10934 1119
10950 1153
10966 1191
10984 1233
11000 1270
11017 1309
11033 1347
11049 1383
11066 1424
11082 1462
11099 1501
11115 1541
11131 1577
11148 1622
11164 1661
11181 1701
11197 1512
11213 1780
11230 1825
11246 1951
11263 1909
11279 1946
11295 2000
11312 2031
11328 2071
11345 2105
11361 2154
11377 2191
11394 2233
11410 2271
11426 2311
11443 2357
11459 2386
11476 2422
11492 2463
11508 2502
11525 2536
11541 2577
11558 2615
11574 2648
11590 2686
11607 2721
11623 2748
11640 2788
11656 2825
11672 2848
11689 2891
11705 2924
11722 2965
11738 2989
11754 3017
11771 3040
11787 3076
11804 3103
11820 3136
11836 3161
11853 3186
11869 3206
11885 3234
11902 3257
11918 3282
11935 3302
11951 3324
11967 3351
11985 3362
12001 3381
12018 3399
12034 3418
12051 3433
12067 3451
12083 3455
12100 3474
12116 3486
12133 3497
12149 3508
12165 3517
12182 3525
12198 3534
12214 3539
12231 3546
12247 3564
12264 3559
12280 3566
12296 3533
12313 3566
12329 3562
12346 3571
12362 3550
12378 3545
12395 3538
12411 3529
12428 3522
12444 3515
12460 3505
12477 3493
12493 3472
12510 3468
12526 3460
12542 3430
12559 3425
12575 3408
12592 3392
12608 3372
12624 3353
12641 3338
12657 3317
12673 3291
12690 3270
12706 3246
12723 3222
12739 3197
12755 3176
12772 3245
12788 3120
12805 3089
12821 3039
12837 3033
12854 3002
12870 2968
12887 2938
12903 2907
12919 2871
12936 2840
12952 2803
12969 2769
12987 2731
13004 2696
13020 2678
13037 2622
13053 2585
13069 2544
13086 2510
13102 2471
13119 2432
13135 2395
13151 2353
13168 2307
13184 2276
13200 2237
13217 2198
13233 2161
13250 2119
13266 2075
13282 2037
13299 1996
13315 1956
13332 1912
13348 1871
13364 1828
13381 1791
13397 1745
13414 1705
13430 1666
13446 1630
13463 1582
13479 1545
13496 1579
13512 1462
13528 1426
13545 1387
13561 1349
13578 1312
13594 1270
13610 1237
13627 1196
13643 1152
13659 1117
13676 1085
13692 1050
13709 1017
13725 982
13741 947
13758 914
13774 879
13791 847
13807 812
13823 784
13840 756
13856 723
13873 699
13889 666
13905 639
13922 607
13938 588
13955 564
13971 446
13988 518
14005 496
14021 491
14038 456
14054 433
14070 412
14087 397
14103 381
14120 365
14136 351
14152 339
14169 322
14185 313
14202 302
14218 292
14234 289
14251 276
14267 269
14284 263
14300 258
14316 251
14333 248
14349 240
14366 234
14382 241
14398 243
14415 237
14431 254
14447 256
14464 266
14480 272
14497 187
14513 290
14529 297
14546 270
14562 315
14579 330
14595 536
14611 355
14628 370
14644 388
14661 406
14677 422
14693 442
14710 457
14726 481
14743 486
14759 523
14775 543
14792 570
14808 594
14825 619
14841 644
14857 672
14874 699
14890 730
14906 759
14923 789
14939 818
14956 854
14972 911
14993 925
15010 960
15026 1001
15042 1036
15059 1065
15075 1100
15092 1136
15108 1173
15124 1211
15141 1248
15157 1288
15174 1325
15190 1365
15206 1406
15223 1441
15239 1475
15255 1520
15272 1653
15288 1598
15305 1640
15321 1662
15337 1723
15354 1768
15370 1802
15387 1841
15403 1885
15419 1932
15436 1969
15452 2011
15469 2058
15485 2089
15501 2130
15518 2184
15534 2210
15551 2250
15567 2290
15583 2326
15600 2368
15616 2407
15633 2442
15649 2482
15665 2519
15682 2556
15698 2596
15714 2633
15731 2669
15747 2697
15764 2739
15780 2772
15796 2804
15813 2840
15829 2873
15846 2907
15862 2937
15878 2971
15895 2999
15911 3034
15928 3063
15944 3088
15960 3118
15977 3146
15994 3173
16011 3198
16027 3224
16043 3247
16060 3269
16076 3294
16093 3319
16109 3336
16125 3354
16142 3372
16158 3392
16175 3406
16191 3422
16207 3438
16224 3456
16240 3465
16257 3480
16273 3494
16289 3506
16306 3512
16322 3510
16339 3529
16355 3537
16371 3546
16388 3550
16404 3553
16420 3554
16437 3564
16453 3570
16470 3564
16486 3558
16502 3552
16519 3545
16535 3539
16552 3531
16568 3536
16584 3518
16601 3507
16617 3500
16634 3487
16650 3474
16666 3462
16683 3446
16699 3430
16716 3417
16732 3398
16748 3380
16765 3364
16781 3345
16798 3323
16814 3303
16830 3280
16847 3236
16863 3235
16879 3212
16896 3211
16912 3158
16929 3132
16945 3224
16961 3076
16978 3046
16995 3021
17012 2982
17028 2952
17045 2909
17061 2887
17077 2854
17094 2818
17110 2784
17126 2751
17143 2716
17159 2680
17176 2645
17192 2607
17208 2566
17225 2530
17241 2492
17258 2455
17274 2415
17290 2379
17307 2339
17323 2301
17340 2263
17356 2219
17372 2183
17389 2143
17405 2100
17422 2056
17438 2022
17454 1978
17471 1843
17487 1897
17504 1851
17520 1784
17536 1768
17553 1728
17569 1678
17585 1647
17602 1603
17618 1568
17635 1525
17651 1487
17667 1453
17684 1408
17700 1369
17717 1332
17733 1295
17749 1257
17766 1219
17782 1181
17799 1145
17815 1106
17831 1071
17848 1030
17864 1003
17881 965
17897 995
17913 899
17930 868
17946 885
17963 799
17979 771
17995 712
18012 711
18028 684
18045 651
18061 622
18077 603
18094 584
18110 548
18127 529
18143 505
18159 487
18176 464
18192 449
18209 427
18225 406
18241 390
18258 377
18274 363
18290 349
18307 330
18323 320
18340 313
18356 296
18372 287
18389 281
18405 273
18422 254
18438 259
18454 252
18471 134
18487 245
18504 239
18520 215
18536 240
18553 242
18569 250
18586 254
18602 261
18618 264
18635 274
18651 284
18668 294
18684 298
18700 309
18717 318
18733 334
18749 346
18766 363
18782 376
18799 394
18815 408
18831 428
18848 440
18864 466
18881 488
18897 504
18913 533
18930 553
18946 569
18963 601
18979 627
18995 522
19012 682
19028 708
19045 734
19061 767
19077 799
19094 839
19110 865
19127 896
19143 925
19159 962
19176 998
19192 1024
19209 1066
19225 1104
19241 1144
19258 1179
19274 1212
19290 1244
19307 1290
19323 1326
19340 1367
19356 1403
19372 1445
19389 1480
19405 1522
19422 1578
19438 1599
19454 1641
19471 1706
19487 1722
19504 1762
19520 2091
19536 1847
19553 1888
19569 1930
19586 1970
19602 2011
19618 2053
19635 2096
19651 2133
19668 2176
19684 2214
19700 2254
19717 2293
19733 2330
19749 2363
19766 2406
19782 2447
19799 2482
19815 2517
19831 2560
19848 2595
19864 2633
19881 2668
19897 2726
19913 2737
19930 2770
19946 2896
19963 2839
19979 2876
19995 2921
20012 2943
20028 2975
20045 3003
20061 3033
20077 3063
20094 3093
20110 3118
20127 3146
20143 3177
20159 3196
20176 3224
20192 3280
20209 3271
20225 3292
20241 3313
20258 3333
20274 3356
20290 3371
20307 3390
20323 3405
20340 3424
20356 3437
20372 3455
20389 3467
20405 3481
20422 3555
20438 3504
20454 3509
20471 3586
20487 3526
20504 3531
20520 3542
20536 3548
20553 3555
20569 3559
20586 3564
20602 3569
20618 3562
20635 3557
20651 3551
20668 3554
20684 3536
20700 3534
20717 3527
20733 3516
20749 3508
20766 3497
20782 3487
20799 3477
20815 3460
20831 3449
20848 3431
20864 3417
20881 3399
20897 3364
20913 3363
20930 3346
20946 3392
20963 3305
20979 3281
20995 3353
21012 3238
21028 3211
21045 3189
21061 3159
21077 3131
21094 3109
21110 3078
21127 3045
21143 3014
21159 2987
21176 2957
21192 2923
21209 2887
21225 2855
21241 2820
21258 2786
21274 2756
21290 2720
21307 2684
21323 2646
21340 2612
21356 2574
21372 2535
21389 2497
21405 2459
21422 2412
21438 2382
21454 2346
21471 2286
21487 2264
21504 2227
21520 2249
21536 2150
21553 2107
21569 2066
21586 2025
21602 1983
21618 1941
21635 1898
21651 1856
21668 1813
21684 1777
21700 1735
21717 1691
21733 1651
21749 1609
21766 1570
21782 1529
21799 1490
21815 1451
21831 1412
21848 1376
21864 1337
21881 1300
21897 1263
21913 1220
21930 1184
21946 1128
21963 1109
21979 1073
21995 1069
22012 1001
22028 969
22045 933
22061 899
22077 867
22094 839
22110 805
22127 773
22143 738
22159 711
22176 687
22192 660
22209 628
22225 604
22241 581
22258 556
22274 533
22290 509
22307 484
22323 469
22340 448
22356 427
22372 411
22389 394
22405 377
22422 366
22438 349
22454 333
22471 294
22487 310
22504 298
22520 251
22536 283
22553 274
22569 273
22586 259
22602 253
22618 253
22635 245
22651 237
22668 230
22684 239
22700 243
22717 248
22733 253
22749 260
22766 265
22782 272
22799 280
22815 290
22831 299
22848 306
22864 321
22881 330
22897 346
22913 360
22930 376
22946 404
22963 409
22979 424
22995 402
23012 468
23028 488
23045 497
23061 526
23077 550
23094 572
23110 602
23127 626
23143 656
23159 680
23176 706
23192 729
23209 767
23225 796
23241 828
23258 862
23274 895
23290 928
23307 961
23323 994
23340 1030
23356 1067
23372 1104
23389 1137
23405 1177
23422 1210
23438 1247
23454 1288
23471 1309
23487 1365
23504 1404
23520 1447
23536 1480
23553 1516
23569 1550
23586 1600
23602 1638
23618 1682
23635 1720
23651 1763
23668 1804
23684 1843
23700 1887
23717 1930
23733 1970
23749 2011
23766 2047
23782 2090
23799 2130
23815 2174
23831 2208
23848 2250
23864 2291
23881 2327
23897 2364
23913 2404
23930 2440
23946 2488
23963 2518
23979 2557
23995 2615
24012 2632
24028 2668
24045 2701
24061 2734
24077 2775
24094 2795
24110 2840
24127 2873
24143 2907
24159 2941
24176 2971
24192 3004
24209 3031
24225 3060
24241 3093
24258 3119
24274 3144
24290 3173
24307 3198
24323 3222
24340 3246
24356 3265
24372 3288
24389 3311
24405 3333
24422 3432
24438 3372
24454 3390
24471 3468
24487 3424
24504 3437
24520 3485
24536 3466
24553 3480
24569 3492
24586 3501
24602 3508
24618 3509
24635 3531
24651 3536
24668 3546
24684 3548
24700 3555
24717 3563
24733 3567
24749 3569
24766 3561
24782 3557
24799 3555
24815 3547
24831 3542
24848 3534
24864 3526
24881 3520
24897 3509
24913 3497
24930 3488
24946 3478
24963 3464
24979 3449
24995 3355
25012 3418
25028 3398
25045 3393
25061 3365
25077 3346
25094 3325
25110 3303
25127 3283
25143 3262
25159 3235
25176 3213
25192 3186
25209 3158
25225 3134
25241 3107
25258 3076
25274 3049
25290 3018
25307 2991
25323 2955
25340 2924
25356 2894
25372 2861
25389 2823
25405 2790
25422 2755
25438 2719
25454 2682
25471 2638
25487 2611
25504 2575
25520 2507
25536 2499
25553 2461
25569 2430
25586 2383
25602 2345
25618 2305
25635 2268
25651 2225
25668 2182
25684 2147
25700 2110
25717 2068
25733 2027
25749 1984
25766 1943
25782 1903
25799 1859
25815 1818
25831 1778
25848 1736
25864 1696
25881 1653
25897 1622
25913 1571
25930 1531
25946 1486
25963 1454
25979 1414
25995 1371
26012 1338
26028 1299
26045 1263
26061 1225
26077 1186
26094 1146
26110 1113
26127 1075
26143 1039
26159 1006
26176 970
26192 925
26209 905
26225 869
26241 840
26258 806
26274 775
26290 747
26307 714
26323 686
26340 659
26356 630
26372 607
26389 580
26405 555
26422 524
26438 512
26454 490
26471 477
26487 450
26504 429
26520 428
26536 395
26553 379
26569 367
26586 348
26602 337
26618 318
26635 313
26651 300
26668 288
26684 285
26700 272
26717 265
26733 262
26749 255
26766 249
26782 246
26799 238
26815 234
26831 240
26848 242
26864 249
26881 255
26897 255
26913 266
26930 272
26946 292
26963 287
26979 298
26995 377
27012 318
27028 336
27045 355
27061 358
27077 376
27094 380
27110 407
27127 425
27143 449
27159 461
27176 483
27192 505
27209 526
27225 549
27241 570
27258 597
27274 624
27290 650
27307 675
27323 703
27340 733
27356 764
27372 795
27389 829
27405 859
27422 983
27438 925
27454 954
27471 996
27487 1027
27504 1062
27520 1090
27536 1133
27553 1167
27569 1205
27586 1249
27602 1285
27618 1324
27635 1358
27651 1397
27668 1434
27684 1476
27700 1517
27717 1553
27733 1593
27749 1634
27766 1677
27782 1717
27799 1754
27815 1798
27831 1840
27848 1881
27864 1923
27881 1963
27897 2008
27913 2046
27930 2090
27946 2119
27963 2168
27979 2207
27995 2318
28012 2288
28028 2324
28045 2075
28061 2402
28077 2441
28094 2478
28110 2516
28127 2553
28143 2598
28159 2628
28176 2665
28192 2704
28209 2734
28225 2767
28241 2806
28258 2839
28274 2869
28290 2904
28307 2937
28323 2969
28340 3001
28356 3030
28372 3059
28389 3085
28405 3116
28422 3120
28438 3170
28454 3192
28471 3288
28487 3240
28504 3268
28520 3290
28536 3310
28553 3332
28569 3345
28586 3369
28602 3389
28618 3405
28635 3421
28651 3437
28668 3453
28684 3465
28700 3480
28717 3490
28733 3503
28749 3511
28766 3521
28782 3526
28799 3534
28815 3542
28831 3546
28848 3553
28864 3557
28881 3564
28897 3567
28913 3564
28930 3557
28946 3458
28963 3549
28979 3540
28995 3501
29012 3527
29028 3516
29045 3588
29061 3503
29077 3489
29094 3473
29110 3461
29127 3449
29143 3437
29159 3416
29176 3401
29192 3390
29209 3365
29225 3348
29241 3327
29258 3304
29274 3284
29290 3261
29307 3240
29323 3213
29340 3188
29356 3162
29372 3134
29389 3106
29405 3081
29422 2962
29438 3021
29454 2987
29471 2858
29487 2926
29504 2892
29520 2863
29536 2827
29553 2791
29569 2760
29586 2721
29602 2688
29618 2657
29635 2616
29651 2575
29668 2535
29684 2498
29700 2462
29717 2424
29733 2388
29749 2348
29766 2309
29782 2269
29799 2233
29815 2191
29831 2153
29848 2110
29864 2069
29881 2029
29897 1990
29913 1943
29930 1909
29946 1846
29963 1821
29979 1780
29995 1618
30012 1697
30028 1656
30045 1570
30061 1574
30077 1536
30094 1495
30110 1457
30127 1417
30143 1383
30159 1337
30176 1304
30192 1267
30209 1229
30225 1188
30241 1149
30258 1112
30274 1079
30290 1042
30307 1010
30323 972
30340 938
30356 908
30372 874
30389 839
30405 811
30422 797
30438 743
30454 717
30471 698
30487 659
30504 637
30520 628
30536 584
30553 559
30569 533
30586 512
30602 489
30618 474
30635 451
30651 433
30668 413
30684 395
30700 383
30717 365
30733 348
30749 336
30766 320
30782 312
30799 300
30815 292
30831 282
30848 272
30864 269
30881 264
30897 253
30913 251
30930 243
30946 244
30963 238
30979 239
30995 244
31012 250
31028 250
31045 280
31061 267
31077 269
31094 279
31110 291
31127 298
31143 307
31159 319
31176 332
31192 353
31209 360
31225 375
31241 392
31258 401
31274 426
31290 446
31307 462
31323 481
31340 503
31356 524
31372 549
31389 572
31405 594
31422 709
31438 649
31454 674
31471 692
31487 734
31504 762
31520 788
31536 824
31553 856
31569 892
31586 918
31602 957
31618 986
31635 1026
31651 1058
31668 1100
31684 1132
31700 1170
31717 1205
31733 1244
31749 1280
31766 1319
31782 1359
31799 1395
31815 1435
31831 1476
31848 1513
31864 1553
31881 1592
31897 1632
31913 1670
31930 1714
31946 1759
31963 1800
31979 1837
31995 1983
32012 1924
32028 1961
32045 2010
32061 2045
32077 2086
32094 2128
32110 2165
32127 2202
32143 2243
32159 2281
32176 2319
32192 2367
32209 2400
32225 2443
32241 2477
32258 2515
32274 2553
32290 2589
32307 2625
32323 2662
32340 2698
32356 2734
32372 2768
32389 2801
32405 2834
32422 2859
32438 2903
32454 2935
32471 2975
32487 2997
32504 3030
32520 3130
32536 3087
32553 3116
32569 3140
32586 3166
32602 3195
32618 3208
32635 3242
32651 3264
32668 3289
32684 3312
32700 3329
32717 3348
32733 3371
32749 3385
32766 3405
32782 3423
32799 3436
32815 3451
32831 3465
32848 3480
32864 3491
32881 3499
32897 3510
32913 3520
32930 3530
32946 3503
32963 3542
32979 3546
32995 3597
33012 3562
33028 3564
33045 3382
33061 3562
33077 3564
33094 3552
33110 3549
33127 3541
33143 3535
33159 3529
33176 3519
33192 3506
33209 3502
33225 3490
33241 3478
33258 3465
33274 3453
33290 3437
33307 3425
33323 3405
33340 3389
33356 3366
33372 3349
33389 3328
33405 3308
33422 3412
33438 3265
33454 3241
33471 3217
33487 3192
33504 3164
33520 3137
33536 3108
33553 3080
33569 3054
33586 3023
33602 2985
33618 2960
33635 2927
33651 2961
33668 2863
33684 2829
33700 2789
33717 2759
33733 2725
33749 2686
33766 2654
33782 2614
33799 2576
33815 2541
33831 2502
33848 2466
33864 2428
33881 2387
33897 2349
33913 2312
33930 2270
33946 2232
33963 2193
33979 2153
33995 2115
34012 2073
34028 2031
34045 1992
34061 1946
34077 1883
34094 1867
34110 1819
34127 1780
34143 1742
34159 1698
34176 1695
34192 1615
34209 1575
34225 1536
34241 1500
34258 1458
34274 1424
34290 1381
34307 1342
34323 1303
34340 1266
34356 1228
34372 1190
34389 1153
34405 1121
34422 1056
34438 1046
34454 1008
34471 913
34487 942
34504 909
34520 853
34536 843
34553 806
34569 780
34586 750
34602 719
34618 688
34635 664
34651 637
34668 608
34684 584
34700 560
34717 500
34733 515
34749 490
34766 471
34782 448
34799 434
34815 417
34831 397
34848 381
34864 367
34881 348
34897 337
34913 324
34930 314
34946 302
34963 291
34979 284
34995 325
35012 268
35028 265
35045 199
35061 249
35077 250
35094 228
35110 239
35127 238
35143 245
35159 249
35176 253
35192 256
35209 266
35225 271
35241 281
35258 288
35274 299
35290 307
35307 316
35323 332
35340 345
35356 355
35372 374
35389 393
35405 404
35422 420
35438 443
35454 459
35471 545
35487 503
35504 523
35520 567
35536 573
35553 594
35569 624
35586 648
35602 673
35618 692
35635 734
35651 762
35668 794
35684 823
35700 857
35717 887
35733 922
35749 956
35766 991
35782 1025
35799 1059
35815 1092
35831 1132
35848 1166
35864 1203
35881 1244
35897 1280
35913 1319
35930 1358
35946 1286
35963 1433
35979 1470
35995 1458
36012 1551
36028 1589
36045 1667
36061 1669
36077 1711
36094 1749
36110 1793
36127 1836
36143 1868
36159 1915
36176 1957
36192 1997
36209 2046
36225 2082
36241 2124
36258 2164
36274 2206
36290 2244
36307 2281
36323 2320
36340 2358
36356 2393
36372 2434
36389 2473
36405 2512
36422 2573
36438 2585
36454 2622
36471 2642
36487 2696
36504 2731
36520 2818
36536 2799
36553 2833
36569 2871
36586 2900
36602 2933
36618 2967
36635 2996
36651 3024
36668 3052
36684 3082
36700 3111
36717 3143
36733 3167
36749 3190
36766 3220
36782 3241
36799 3260
36815 3288
36831 3309
36848 3329
36864 3349
36881 3370
36897 3385
36913 3400
36930 3419
36946 3480
36963 3449
36979 3463
36995 3460
37012 3489
37028 3495
37045 3507
37061 3520
37077 3528
37094 3530
37110 3542
37127 3548
37143 3549
37159 3561
37176 3565
37192 3557
37209 3566
37225 3556
37241 3551
37258 3548
37274 3543
37290 3535
37307 3530
37323 3519
37340 3513
37356 3503
37372 3490
37389 3478
37405 3467
37422 3451
37438 3438
37454 3422
37471 3416
37487 3384
37504 3368
37520 3342
37536 3328
37553 3308
37569 3284
37586 3261
37602 3242
37618 3225
37635 3192
37651 3165
37668 3138
37684 3109
37700 3083
37717 3046
37733 3027
37749 2994
37766 2964
37782 2931
37799 2895
37815 2861
37831 2832
37848 2797
37864 2759
37881 2728
37897 2692
37913 2656
37930 2619
37946 2664
37963 2545
37979 2505
37995 2469
38012 2428
38028 2392
38045 2307
38061 2314
38077 2277
38094 2224
38110 2197
38127 2157
38143 2125
38159 2073
38176 2035
38192 1992
38209 1949
38225 1908
38241 1869
38258 1827
38274 1785
38290 1743
38307 1703
38323 1661
38340 1622
38356 1581
38372 1538
38389 1500
38405 1458
38422 1429
38438 1383
38454 1346
38471 1305
38487 1269
38504 1234
38520 1083
38536 1152
38553 1116
38569 1085
38586 1046
38602 1011
38618 985
38635 942
38651 910
38668 875
38684 845
38700 813
38717 781
38733 755
38749 719
38766 693
38782 663
38799 637
38815 610
38831 590
38848 558
38864 538
38881 518
38897 492
38913 470
38930 454
38946 410
38963 419
38979 399
38995 378
39012 366
39028 351
39045 363
39061 325
39077 315
39094 297
39110 295
39127 284
39143 284
39159 267
39176 261
39192 251
39209 251
39225 244
39241 244
39258 235
39274 240
39290 243
39307 248
39323 252
39340 258
39356 263
39372 270
39389 275
39405 289
39422 300
39438 305
39454 318
39471 323
39487 340
39504 353
39520 373
39536 386
39553 401
39569 415
39586 439
39602 461
39618 481
39635 499
39651 522
39668 545
39684 567
39700 594
39717 633
39733 643
39749 674
39766 701
39782 729
39799 757
39815 790
39831 821
39848 847
39864 884
39881 921
39897 951
39913 984
39930 1017
39946 1066
39963 1089
39979 1124
39995 1144
40012 1206
40028 1239
40045 1266
40061 1312
40077 1353
40094 1400
40110 1430
40127 1467
40143 1514
40159 1547
40176 1588
40192 1625
40209 1667
40225 1709
40241 1747
40258 1789
40274 1831
40290 1870
40307 1917
40323 1956
40340 1998
40356 2040
40372 2079
40389 2120
40405 2160
40422 2192
40438 2239
40454 2277
40471 2308
40487 2353
40504 2394
40520 2360
40536 2470
40553 2504
40569 2548
40586 2583
40602 2619
40618 2671
40635 2692
40651 2725
40668 2753
40684 2794
40700 2829
40717 2862
40733 2896
40749 2927
40766 2960
40782 2991
40799 3023
40815 3050
40831 3080
40848 3107
40864 3139
40881 3160
40897 3188
40913 3215
40930 3237
40946 3295
40963 3284
40979 3304
40995 3216
41012 3345
41028 3366
41045 3388
41061 3401
41077 3420
41094 3436
41110 3450
41127 3462
41143 3475
41159 3488
41176 3499
41192 3507
41209 3518
41225 3527
41241 3539
41258 3540
41274 3550
41290 3556
41307 3559
41323 3564
41340 3569
41356 3567
41372 3562
41389 3558
41405 3548
41422 3542
41438 3537
41454 3527
41471 3527
41487 3513
41504 3504
41520 3416
41536 3481
41553 3466
41569 3630
41586 3439
41602 3425
41618 3410
41635 3388
41651 3367
41668 3342
41684 3331
41700 3311
41717 3289
41733 3267
41749 3241
41766 3219
41782 3192
41799 3170
41815 3142
41831 3115
41848 3088
41864 3057
41881 3028
41897 2995
41913 2967
41930 2935
41946 2767
41963 2869
41979 2831
41995 2792
42012 2765
42028 2732
42045 2688
42061 2657
42077 2619
42094 2585
42110 2548
42127 2508
42143 2470
42159 2434
42176 2397
42192 2353
42209 2322
42225 2278
42241 2240
42258 2201
42274 2161
42290 2121
42307 2078
42323 2039
42340 1994
42356 1957
42372 1913
42389 1872
42405 1832
42422 1791
42438 1746
42454 1705
42471 1770
42487 1621
42504 1587
42520 1561
42536 1504
42553 1466
42569 1395
42586 1387
42602 1350
42618 1316
42635 1270
42651 1233
42668 1194
42684 1158
42700 1120
42717 1072
42733 1050
42749 1017
42766 982
42782 945
42799 914
42815 877
42831 846
42848 814
42864 784
42881 755
42897 724
42913 695
42930 665
42946 606
42963 613
42979 588
42995 563
43012 541
43028 518
43045 517
43061 474
43077 454
43094 437
43110 420
43127 397
43143 385
43159 369
43176 355
43192 342
43209 326
43225 315
43241 304
43258 293
43274 285
43290 279
43307 269
43323 262
43340 257
43356 246
43372 245
43389 242
43405 238
43422 239
43438 242
43454 246
43471 286
43487 256
43504 267
43520 352
43536 278
43553 287
43569 296
43586 308
43602 318
43618 329
43635 341
43651 353
43668 367
43684 385
43700 402
43717 420
43733 437
43749 456
43766 478
43782 498
43799 523
43815 547
43831 569
43848 591
43864 619
43881 638
43897 670
43913 699
43930 727
43946 765
43963 789
43979 814
43995 853
44012 884
44028 917
44045 966
44061 982
44077 1019
44094 1053
44110 1090
44127 1122
44143 1154
44159 1200
44176 1236
44192 1267
44209 1309
44225 1350
44241 1388
44258 1430
44274 1467
44290 1503
44307 1544
44323 1583
44340 1625
44356 1667
44372 1705
44389 1747
44405 1790
44422 1833
44438 1873
44454 1914
44471 1945
44487 1993
44504 2037
44520 2065
44536 2120
44553 2156
44569 2160
44586 2238
44602 2275
44618 2315
44635 2354
44651 2393
44668 2429
44684 2466
44700 2504
44717 2543
44733 2578
44749 2619
44766 2656
44782 2691
44799 2727
44815 2759
44831 2793
44848 2829
44864 2861
44881 2893
44897 2929
44913 2960
44930 2992
44946 3045
44963 3051
44979 3077
44995 3075
45012 3136
45028 3161
45045 3182
45061 3214
45077 3239
45094 3259
45110 3283
45127 3303
45143 3328
45159 3346
45176 3365
45192 3370
45209 3403
45225 3415
45241 3433
45258 3448
45274 3463
45290 3473
45307 3486
45323 3500
45340 3513
45356 3518
45372 3525
45389 3535
45405 3543
45422 3544
45438 3551
45454 3559
45471 3571
45487 3568
45504 3566
45520 3529
45536 3557
45553 3549
45569 3549
45586 3537
45602 3531
45618 3524
45635 3517
45651 3505
45668 3496
45684 3479
45700 3466
45717 3445
45733 3438
45749 3424
45766 3406
45782 3386
45799 3371
45815 3354
45831 3335
45848 3312
45864 3292
45881 3268
45897 3242
45913 3222
45930 3192
45946 3190
45963 3143
45979 3117
45995 3157
46012 3057
46028 3028
46045 3000
46061 2967
46077 2935
46094 2900
46110 2868
46127 2833
46143 2809
46159 2768
46176 2729
46192 2693
46209 2659
46225 2625
46241 2586
46258 2549
46274 2511
46290 2472
46307 2434
46323 2393
46340 2357
46356 2316
46372 2278
46389 2238
46405 2199
46422 2163
46438 2120
46454 2081
46471 2033
46487 1996
46504 1955
46520 1912
46536 1874
46553 1831
46569 1798
46586 1745
46602 1709
46618 1664
46635 1623
46651 1585
46668 1546
46684 1503
46700 1466
46717 1428
46733 1386
46749 1347
46766 1313
46782 1273
46799 1236
46815 1198
46831 1160
46848 1122
46864 1088
46881 1051
46897 1016
46913 983
46930 947
46946 891
46963 880
46979 848
46995 783
47012 786
47028 752
47045 792
47061 695
47077 665
47094 641
47110 615
47127 584
47143 562
47159 539
47176 517
47192 493
47209 476
47225 456
47241 436
47258 414
47274 399
47290 384
47307 368
47323 351
47340 341
47356 326
47372 314
47389 301
47405 296
47422 282
47438 277
47454 270
47471 340
47487 258
47504 254
47520 304
47536 241
47553 237
47569 482
47586 242
47602 245
47618 249
47635 256
47651 264
47668 268
47684 277
47700 287
47717 300
47733 305
47749 312
47766 327
47782 341
47799 351
47815 368
47831 387
47848 401
47864 418
47881 435
47897 457
47913 479
47930 498
47946 525
47963 540
47979 565
47995 572
48012 611
48028 642
48045 749
48061 694
48077 728
48094 759
48110 787
48127 817
48143 848
48159 877
48176 915
48192 938
48209 979
48225 1015
48241 1088
48258 1089
48274 1124
48290 1158
48307 1199
48323 1233
48340 1275
48356 1312
48372 1350
48389 1385
48405 1427
48422 1466
48438 1503
48454 1542
48471 1531
48487 1621
48504 1663
48520 1710
48536 1746
48553 1786
48569 1760
48586 1865
48602 1911
48618 1960
48635 1994
48651 2035
48668 2077
48684 2115
48700 2155
48717 2197
48733 2234
48749 2273
48766 2313
48782 2351
48799 2389
48815 2427
48831 2466
48848 2501
48864 2541
48881 2579
48897 2615
48913 2653
48930 2688
48946 2714
48963 2754
48979 2789
48995 2831
49012 2860
49028 2891
49045 2859
49061 2957
49077 2989
49094 3010
49110 3050
49127 3076
49143 3115
49159 3133
49176 3160
49192 3184
49209 3210
49225 3236
49241 3251
49258 3282
49274 3303
49290 3321
49307 3346
49323 3365
49340 3385
49356 3399
49372 3418
49389 3427
49405 3448
49422 3460
49438 3477
49454 3490
49471 3433
49487 3508
49504 3518
49520 3437
49536 3530
49553 3541
49569 3562
49586 3551
49602 3557
49618 3570
49635 3571
49651 3565
49668 3566
49684 3553
49700 3548
49717 3542
49733 3537
49749 3529
49766 3522
49782 3516
49799 3502
49815 3491
49831 3483
49848 3467
49864 3458
49881 3441
49897 3426
49913 3409
49930 3393
49946 3380
49963 3354
49979 3337
49995 3304
50012 3291
50028 3271
50045 3150
50061 3225
50077 3195
50094 3167
50110 3145
50127 3117
50143 3094
50159 3061
50176 3033
50192 2996
50209 2969
50225 2937
50241 2907
50258 2870
50274 2837
50290 2805
50307 2768
50323 2736
50340 2699
50356 2661
50372 2629
50389 2590
50405 2553
50422 2513
50438 2476
50454 2437
50471 2505
50487 2362
50504 2321
50520 2271
50536 2244
50553 2205
50569 2135
50586 2122
50602 2082
50618 2045
50635 2003
50651 1959
50668 1927
50684 1876
50700 1836
50717 1807
50733 1752
50749 1710
50766 1670
50782 1630
50799 1587
50815 1550
50831 1514
50848 1467
50864 1432
50881 1392
50897 1355
50913 1318
50930 1278
50946 1232
50963 1204
50979 1164
50995 1146
51012 1090
51028 1055
51045 1023
51061 986
51077 952
51094 918
51110 886
51127 852
51143 819
51159 789
51176 759
51192 727
51209 699
51225 674
51241 630
51258 620
51274 591
51290 568
51307 547
51323 520
51340 499
51356 477
51372 458
51389 438
51405 417
51422 403
51438 385
51454 370
51471 103
51487 344
51504 328
51520 304
51536 306
51553 291
51569 317
51586 277
51602 272
51618 272
51635 261
51651 250
51668 246
51684 243
51700 234
51717 239
51733 239
51749 245
51766 252
51782 255
51799 263
51815 269
51831 277
51848 286
51864 295
51881 305
51897 314
51913 327
51930 340
51946 352
51963 369
51979 384
51995 396
52012 418
52028 436
52045 559
52061 474
52077 495
52094 522
52110 540
52127 564
52143 577
52159 611
52176 639
52192 666
52209 695
52225 725
52241 754
52258 779
52274 810
52290 847
52307 878
52323 908
52340 948
52356 975
52372 1015
52389 1049
52405 1082
52422 1119
52438 1157
52454 1192
52471 1247
52487 1269
52504 1308
52520 1352
52536 1382
52553 1418
52569 1474
52586 1499
52602 1539
52618 1589
52635 1618
52651 1656
52668 1690
52684 1741
52700 1783
52717 1828
52733 1867
52749 1905
52766 1946
52782 1988
52799 2028
52815 2072
52831 2112
52848 2149
52864 2192
52881 2230
52897 2266
52913 2309
52930 2348
52946 2390
52963 2424
52979 2462
52995 2505
53012 2539
53028 2575
53045 2635
53061 2650
53077 2683
53094 2794
53110 2755
53127 2790
53143 2826
53159 2855
53176 2891
53192 2922
53209 2952
53225 2984
53241 3019
53258 3047
53274 3076
53290 3106
53307 3132
53323 3158
53340 3184
53356 3207
53372 3233
53389 3256
53405 3279
53422 3300
53438 3322
53454 3340
53471 3337
53487 3381
53504 3395
53520 3410
53536 3435
53553 3443
53569 3439
53586 3469
53602 3488
53618 3493
53635 3503
53651 3515
53668 3523
53684 3536
53700 3538
53717 3546
53733 3550
53749 3555
53766 3562
53782 3568
53799 3565
53815 3554
53831 3557
53848 3549
53864 3548
53881 3539
53897 3529
53913 3524
53930 3513
53946 3501
53963 3492
53979 3480
53995 3556
54012 3455
54028 3442
54045 3372
54061 3410
54077 3394
54094 3124
54110 3356
54127 3335
54143 3313
54159 3290
54176 3269
54192 3251
54209 3222
54225 3198
54241 3165
54258 3142
54274 3117
54290 3088
54307 3059
54323 3032
54340 2998
54356 2970
54372 2938
54389 2902
54405 2873
54422 2840
54438 2805
54454 2771
54471 2750
54487 2702
54504 2665
54520 2713
54536 2593
54553 2555
54569 2536
54586 2479
54602 2443
54618 2390
54635 2366
54651 2325
54668 2281
54684 2247
54700 2207
54717 2168
54733 2129
54749 2084
54766 2048
54782 2003
54799 1963
54815 1922
54831 1883
54848 1845
54864 1797
54881 1753
54897 1715
54913 1674
54930 1633
54946 1596
54963 1554
54979 1509
54995 1542
55012 1437
55028 1399
55045 1310
55061 1317
55077 1277
55094 1214
55110 1202
55127 1167
55143 1121
55159 1094
55176 1058
55192 1021
55209 989
55225 954
55241 923
55258 887
55274 852
55290 820
55307 789
55323 758
55340 731
55356 700
55372 673
55389 645
55405 620
55422 588
55438 572
55454 546
55471 608
55487 500
55504 477
55520 479
55536 444
55553 420
55569 399
55586 386
55602 371
55618 353
55635 345
55651 331
55668 318
55684 307
55700 294
55717 288
55733 280
55749 272
55766 263
55782 258
55799 250
55815 243
55831 243
55848 238
55864 234
55881 245
55897 245
55913 250
55930 261
55946 264
55963 265
55979 277
55995 279
56012 295
56028 304
56045 348
56061 330
56077 339
56094 264
56110 366
56127 383
56143 399
56159 415
56176 435
56192 453
56209 473
56225 494
56241 518
56258 537
56274 562
56290 585
56307 611
56323 640
56340 663
56356 690
56372 722
56389 750
56405 781
56422 816
56438 844
56454 877
56471 983
56487 942
56504 979
56520 998
56536 1043
56553 1079
56569 1114
56586 1155
56602 1188
56618 1222
56635 1269
56651 1303
56668 1345
56684 1382
56700 1422
56717 1460
56733 1499
56749 1538
56766 1575
56782 1613
56799 1658
56815 1699
56831 1740
56848 1777
56864 1824
56881 1863
56897 1903
56913 1945
56930 1986
56946 2026
56963 2071
56979 2109
56995 2142
57012 2190
57028 2230
57045 2256
57061 2308
57077 2343
57094 2383
57110 2422
57127 2458
57143 2497
57159 2537
57176 2574
57192 2609
57209 2649
57225 2682
57241 2716
57258 2753
57274 2791
57290 2821
57307 2856
57323 2886
57340 2925
57356 2951
57372 2986
57389 3017
57405 3050
57422 3071
57438 3101
57454 3131
57471 3119
57487 3183
57504 3211
57520 3241
57536 3257
57553 3281
57569 3298
57586 3323
57602 3343
57618 3360
57635 3379
57651 3396
57668 3422
57684 3430
57700 3447
57717 3456
57733 3473
57749 3487
57766 3498
57782 3509
57799 3517
57815 3524
57831 3532
57848 3538
57864 3544
57881 3550
57897 3557
57913 3561
57930 3567
57946 3567
57963 3561
57979 3555
57995 3555
58012 3544
58028 3540
58045 3592
58061 3521
58077 3513
58094 3505
58110 3493
58127 3483
58143 3468
58159 3455
58176 3440
58192 3422
58209 3411
58225 3388
58241 3374
58258 3354
58274 3335
58290 3316
58307 3293
58323 3273
58340 3252
58356 3226
58372 3197
58389 3178
58405 3149
58422 3119
58438 3095
58454 3066
58471 3063
58487 3003
58504 2975
58520 2934
58536 2908
58553 2875
58569 2860
58586 2807
58602 2773
58618 2740
58635 2704
58651 2668
58668 2633
58684 2596
58700 2559
58717 2527
58733 2481
58749 2450
58766 2407
58782 2366
58799 2327
58815 2289
58831 2249
58848 2212
58864 2171
58881 2131
58897 2089
58913 2048
58930 2005
58946 1965
58963 1924
58979 1882
58995 1825
59012 1803
59028 1760
59045 1802
59061 1675
59077 1635
59094 1567
59110 1549
59127 1510
59143 1476
59159 1434
59176 1396
59192 1357
59209 1321
59225 1279
59241 1252
59258 1205
59274 1166
59290 1130
59307 1097
59323 1060
59340 1023
59356 990
59372 956
59389 922
59405 889
59422 853
59438 825
59454 789
59471 781
59487 729
59504 703
59520 733
59536 646
59553 618
59569 589
59586 571
59602 544
59618 521
59635 500
59651 477
59668 456
59684 439
59700 420
59717 408
59733 385
59749 369
59766 354
59782 341
59799 329
59815 316
59831 304
59848 295
59864 286
59881 278
59897 272
59913 263
59930 257
59946 250
59963 247
59979 245
59995 193
60012 233
60028 240
60045 181
60061 253
60077 257
60094 80
60110 268
60127 274
60143 287
60159 291
60176 301
60192 315
60209 322
60225 339
60241 355
60258 363
60274 378
60290 397
60307 413
60323 435
60340 453
60356 470
60372 496
60389 513
60405 536
60422 560
60438 583
60454 607
60471 622
60487 662
60504 692
60520 645
60536 748
60553 779
60569 909
60586 841
60602 872
60618 906
60635 941
60651 975
60668 1003
60684 1043
60700 1079
60717 1119
60733 1152
60749 1187
60766 1222
60782 1262
60799 1301
60815 1336
60831 1376
60848 1414
60864 1457
60881 1494
60897 1536
60913 1573
60930 1609
60946 1655
60963 1694
60979 1736
60995 1842
61012 1820
61028 1857
61045 1788
61061 1944
61077 1984
61094 1968
61110 2062
61127 2106
61143 2146
61159 2186
61176 2225
61192 2273
61209 2305
61225 2344
61241 2380
61258 2420
61274 2456
61290 2498
61307 2535
61323 2572
61340 2608
61356 2642
61372 2684
61389 2714
61405 2752
61422 2787
61438 2821
61454 2849
61471 2895
61487 2919
61504 2953
61520 2970
61536 3013
61553 3044
61569 3117
61586 3099
61602 3127
61618 3153
61635 3183
61651 3206
61668 3236
61684 3251
61700 3280
61717 3308
61733 3321
61749 3340
61766 3347
61782 3378
61799 3397
61815 3411
61831 3429
61848 3443
61864 3461
61881 3472
61897 3486
61913 3495
61930 3505
61946 3515
61963 3524
61979 3532
61995 3563
62012 3544
62028 3555
62045 3555
62061 3560
62077 3565
62094 3570
62110 3561
62127 3558
62143 3547
62159 3543
62176 3538
62192 3530
62209 3522
62225 3516
62241 3496
62258 3494
62274 3486
62290 3471
62307 3459
62323 3443
62340 3426
62356 3415
62372 3399
62389 3376
62405 3357
62422 3336
62438 3318
62454 3299
62471 3278
62487 3252
62504 3230
62520 3186
62536 3180
62553 3151
62569 3165
62586 3094
62602 3068
62618 3043
62635 3010
62651 2975
62668 2943
62684 2911
62700 2878
62717 2851
62733 2813
62749 2777
62766 2740
62782 2708
62799 2671
62815 2633
62831 2597
62848 2562
62864 2525
62881 2483
62897 2446
62913 2405
62930 2366
62946 2331
62963 2290
62979 2249
62995 2012
63012 2173
63028 2130
63045 2187
63061 2052
63077 2008
63094 1995
63110 1930
63127 1886
63143 1838
63159 1803
63176 1758
63192 1718
63209 1680
63225 1638
63241 1600
63258 1556
63274 1519
63290 1477
63307 1440
63323 1398
63340 1362
63356 1324
63372 1288
63389 1245
63405 1209
63422 1173
63438 1134
63454 1096
63471 1053
63487 1025
63504 991
63520 972
63536 926
63553 891
63569 904
63586 822
63602 793
63618 770
63635 734
63651 704
63668 670
63684 648
63700 626
63717 602
63733 572
63749 547
63766 531
63782 504
63799 480
63815 459
63831 444
63848 421
63864 407
63881 389
63897 372
63913 357
63930 346
63946 326
63963 319
63979 307
63995 305
64012 290
64028 277
64045 329
64061 267
64077 257
64094 235
64110 247
64127 245
64143 237
64159 233
64176 242
64192 243
64209 248
64225 254
64241 261
64258 272
64274 278
64290 283
64307 292
64323 304
64340 315
64356 327
64372 336
64389 347
64405 365
64422 380
64438 394
64454 413
64471 443
64487 449
64504 472
64520 483
64536 512
64553 535
64569 514
64586 578
64602 609
64618 636
64635 657
64651 686
64668 719
64684 747
64700 776
64717 807
64733 837
64749 871
64766 911
64782 935
64799 973
64815 1007
64831 1041
64848 1075
64864 1113
64881 1149
64897 1187
64913 1223
64930 1261
64946 1295
64963 1337
64979 1375
64995 1398
65012 1454
65028 1491
65045 1521
65061 1571
65077 1608
65094 1652
65110 1693
65127 1732
65143 1773
65159 1817
65176 1857
65192 1908
65209 1940
65225 1979
65241 2015
65258 2064
65274 2104
65290 2147
65307 2187
65323 2225
65340 2262
65356 2303
65372 2338
65389 2380
65405 2416
65422 2453
65438 2493
65454 2532
65471 2566
65487 2606
65504 2642
65520 2676
65536 2714
65553 2749
65569 2772
65586 2817
65602 2850
65618 2870
65635 2919
65651 2948
65668 2985
65684 3009
65700 3044
65717 3071
65733 3100
65749 3127
65766 3143
65782 3180
65799 3205
65815 3229
65831 3254
65848 3277
65864 3299
65881 3319
65897 3339
65913 3357
65930 3379
65946 3391
65963 3414
65979 3424
65995 3448
66012 3457
66028 3472
66045 3492
66061 3492
66077 3501
66094 3521
66110 3520
66127 3534
66143 3530
66159 3541
66176 3550
66192 3553
66209 3560
66225 3566
66241 3570
66258 3561
66274 3557
66290 3548
66307 3543
66323 3539
66340 3529
66356 3522
66372 3515
66389 3507
66405 3496
66422 3483
66438 3475
66454 3455
66471 3438
66487 3430
66504 3410
66520 3398
66536 3378
66553 3356
66569 3354
66586 3319
66602 3297
66618 3271
66635 3250
66651 3225
66668 3201
66684 3178
66700 3151
66717 3128
66733 3096
66749 3065
66766 3038
66782 3007
66799 2979
66815 2946
66831 2913
66848 2875
66864 2846
66881 2812
66897 2776
66913 2743
66930 2712
66946 2672
66963 2636
66979 2598
66995 2604
67012 2524
67028 2484
67045 2440
67061 2407
67077 2370
67094 2334
67110 2295
67127 2251
67143 2211
67159 2176
67176 2135
67192 2094
67209 2056
