2 0
55 0
71 0
88 0
104 0
121 0
137 0
153 0
170 0
186 0
203 0
219 0
235 0
252 0
268 0
285 0
301 0
317 0
334 0
350 0
366 0
383 0
399 0
416 0
432 0
448 0
465 0
481 0
498 0
514 0
530 0
547 0
563 0
580 0
596 0
612 0
629 0
645 0
662 0
678 0
694 0
711 0
727 0
744 53
760 0
776 0
793 0
809 0
825 0
842 0
858 0
875 0
891 0
907 0
924 0
940 0
957 0
973 0
991 0
1007 0
1023 0
1040 0
1056 0
1073 0
1089 0
1105 0
1122 0
1138 0
1154 0
1171 0
1187 0
1204 0
1220 0
1236 0
1253 0
1269 0
1286 0
1302 0
1318 0
1335 0
1351 0
1368 0
1384 0
1400 0
1417 0
1433 0
1450 0
1466 0
1482 0
1499 0
1515 0
1532 0
1548 0
1564 0
1581 0
1597 0
1613 0
1630 0
1646 0
1663 0
1679 0
1695 0
1712 0
1728 0
1745 0
1761 0
1777 0
1794 0
1810 0
1827 0
1843 0
1859 0
1876 0
1892 0
1909 0
1925 0
1941 0
1958 0
1974 0
1997 0
2013 0
2029 0
2046 0
2062 0
2079 0
2095 0
2111 0
2128 0
2144 0
2161 0
2177 0
2193 0
2210 0
2226 0
2243 0
2259 0
2275 0
2292 0
2308 0
2325 0
2341 0
2357 0
2374 3774
2390 3743
2406 3770
2423 3770
2439 3773
2456 3769
2472 3770
2488 3770
2505 3772
2521 3769
2538 3770
2554 3771
2570 3769
2587 3770
2603 3768
2620 3829
2636 3772
2652 3768
2669 3862
2685 3771
2702 3770
2718 3723
2734 3772
2751 3768
2767 3759
2784 3771
2800 3769
2816 3772
2833 3768
2849 3770
2865 3770
2882 3769
2898 3768
2915 3813
2931 3771
2947 3770
2964 3768
2980 3772
2998 3769
3014 3769
3031 3766
3047 3771
3063 3766
3080 3768
3096 3770
3113 3769
3129 3771
3145 3769
3162 3769
3178 3766
3194 3769
3211 3771
3227 3771
3244 3782
3260 3771
3276 3770
3293 3783
3309 3769
3326 3769
3342 3769
3358 3771
3375 3771
3391 0
3408 0
3424 0
3440 0
3457 0
3473 0
3490 0
3506 0
3522 0
3539 0
3555 0
3572 0
3588 0
3604 0
3621 0
3637 0
3653 0
3670 0
3686 0
3703 0
3719 0
3735 0
3752 0
3768 0
3785 0
3801 0
3817 0
3834 0
3850 0
3867 0
3883 0
3899 0
3916 0
3932 0
3949 0
3965 0
3981 0
3999 0
4015 0
4032 0
4048 0
4064 0
4081 0
4097 0
4114 0
4130 0
4146 0
4163 0
4179 0
4196 0
4212 0
4228 0
4245 0
4261 0
4278 0
4294 49
4310 0
4327 0
4343 0
4360 0
4376 0
4392 0
4409 0
4425 0
4441 0
4458 0
4474 0
4491 0
4507 0
4523 0
4540 0
4556 0
4573 0
4589 0
4605 0
4622 0
4638 0
4655 0
4671 0
4687 0
4704 0
4720 0
4737 0
4753 0
4769 0
4786 0
4802 0
4819 0
4835 0
4851 0
4868 0
4884 0
4900 0
4917 0
4933 0
4950 0
4966 0
4984 0
5001 0
5017 0
5033 0
5050 0
5066 0
5083 0
5099 0
5115 0
5132 0
5148 0
5164 0
5181 0
5197 0
5214 0
5230 0
5246 0
5263 0
5279 0
5296 0
5312 0
5328 0
5345 0
5361 0
5378 0
5394 0
5410 0
5427 0
5443 0
5460 0
5476 0
5492 0
5509 0
5525 0
5542 0
5558 0
5574 0
5591 0
5607 0
5623 0
5640 0
5656 0
5673 0
5689 0
5705 0
5722 0
5738 0
5755 0
5771 0
5787 0
5804 0
5820 0
5837 0
5853 0
5869 0
5886 0
5902 0
5919 0
5935 0
5951 0
5968 0
5986 0
6002 0
6019 0
6035 0
6052 0
6068 0
6084 0
6101 0
6117 0
6134 0
6150 0
6166 0
6183 0
6199 0
6216 0
6232 0
6248 0
6265 0
6281 0
6297 0
6314 0
6330 0
6347 0
6363 0
6379 0
6396 0
6412 0
6429 0
6445 0
6461 0
6478 0
6494 0
6511 0
6527 0
6543 0
6560 3772
6576 3775
6593 3819
6609 3768
6625 3768
6642 3771
6658 3768
6675 3769
6691 3770
6707 3775
6724 3768
6740 3770
6756 3769
6773 3768
6789 3766
6806 3770
6822 3766
6838 3768
6855 3769
6871 3769
6888 3771
6904 3769
6920 3771
6937 3769
6953 3770
6970 3750
6987 3768
7004 3770
7020 3766
7036 3766
7053 3771
7069 3771
7085 3769
7102 3769
7118 3776
7135 3772
7151 3768
7167 3762
7184 3770
7200 3773
7217 3769
7233 3770
7249 3772
7266 3773
7282 3770
7299 3771
7315 3761
7331 3770
7348 3771
7364 3773
7381 3772
7397 3773
7413 3772
7430 3773
7446 3772
7463 3772
7479 3764
7495 3773
7512 3774
7528 3773
7544 3891
7561 3775
7577 0
7594 0
7610 0
7626 0
7643 0
7659 0
7676 0
7692 0
7708 0
7725 0
7741 0
7758 0
7774 0
7790 0
7807 0
7823 0
7840 0
7856 0
7872 0
7889 0
7905 0
7922 0
7938 0
7954 0
7971 0
7991 0
8007 0
8024 0
8040 0
8057 0
8073 0
8089 0
8106 0
8122 0
8138 0
8155 0
8171 0
8188 0
8204 0
8220 0
8237 0
8253 0
8270 96
8286 0
8302 0
8319 76
8335 0
8352 0
8368 0
8384 0
8401 0
8417 0
8434 0
8450 0
8466 0
8483 0
8499 0
8516 0
8532 0
8548 0
8565 0
8581 0
8597 0
8614 0
8630 0
8647 0
8663 0
8679 0
8696 0
8712 0
8729 0
8745 0
8761 0
8778 0
8794 47
8811 0
8827 0
8843 0
8860 0
8876 0
8893 0
8909 0
8925 0
8942 0
8958 0
8975 0
8992 0
9008 0
9025 0
9041 0
9058 0
9074 0
9090 0
9107 0
9123 0
9140 0
9156 0
9172 0
9189 0
9205 0
9222 0
9238 0
9254 0
9271 0
9287 0
9304 0
9320 0
9336 0
9353 0
9369 0
9385 0
9402 0
9418 36
9435 0
9451 0
9467 0
9484 0
9500 0
9517 0
9533 0
9549 0
9566 0
9582 0
9599 0
9615 0
9631 0
9648 0
9664 0
9681 0
9697 0
9713 0
9730 0
9746 0
9763 0
9779 0
9795 0
9812 0
9828 0
9844 0
9861 0
9877 0
9894 0
9910 0
9926 0
9943 0
9959 0
9976 0
9999 0
10016 0
10032 0
10048 0
10065 0
10081 0
10098 0
10114 0
10130 0
10147 0
10163 0
10179 0
10196 0
10212 0
10229 0
10245 0
10261 0
10278 0
10294 0
10311 0
10327 0
10343 43
10360 0
10376 0
10393 0
10409 0
10425 0
10442 0
10458 0
10475 0
10491 0
10507 0
10524 0
10540 0
10557 0
10573 0
10589 0
10606 0
10622 0
10638 0
10655 0
10671 0
10688 0
10704 0
10720 0
10737 3777
10753 3774
10770 3800
10786 3770
10802 3771
10819 3782
10835 3768
10852 3768
10868 3768
10884 3769
10901 3768
10917 3763
10934 3766
10950 3770
10966 3764
10984 3768
11000 3771
11017 3759
11033 3772
11049 3770
11066 3771
11082 3769
11099 3769
11115 3776
11131 3771
11148 3770
11164 3771
11181 3771
11197 3769
11213 3769
11230 3769
11246 3771
11263 3770
11279 3776
11295 3768
11312 3769
11328 3770
11345 3846
11361 3769
11377 3774
11394 3720
11410 3773
11426 3769
11443 3760
11459 3769
11476 3770
11492 3770
11508 3770
11525 3770
11541 3767
11558 3771
11574 3769
11590 3773
11607 3771
11623 3770
11640 3770
11656 3771
11672 3769
11689 3768
11705 3771
11722 3769
11738 3773
11754 3771
11771 0
11787 0
11804 0
11820 0
11836 0
11853 0
11869 0
11885 0
11902 0
11918 0
11935 0
11951 0
11967 0
11985 0
12001 0
12018 0
12034 0
12051 0
12067 0
12083 0
12100 0
12116 0
12133 0
12149 0
12165 0
12182 0
12198 0
12214 0
12231 0
12247 0
12264 0
12280 0
12296 0
12313 0
12329 0
12346 0
12362 0
12378 0
12395 0
12411 0
12428 0
12444 0
12460 0
12477 0
12493 0
12510 0
12526 0
12542 0
12559 0
12575 0
12592 0
12608 0
12624 0
12641 0
12657 0
12673 0
12690 0
12706 0
12723 0
12739 0
12755 0
12772 0
12788 0
12805 0
12821 0
12837 0
12854 0
12870 0
12887 0
12903 0
12919 0
12936 0
12952 0
12969 0
12987 0
13004 0
13020 0
13037 0
13053 0
13069 0
13086 0
13102 0
13119 43
13135 0
13151 0
13168 0
13184 0
13200 0
13217 0
13233 0
13250 0
13266 0
13282 0
13299 0
13315 0
13332 0
13348 0
13364 0
13381 0
13397 0
13414 0
13430 0
13446 0
13463 0
13479 0
13496 0
13512 0
13528 0
13545 0
13561 0
13578 0
13594 0
13610 0
13627 0
13643 23
13659 0
13676 0
13692 0
13709 0
13725 0
13741 0
13758 0
13774 0
13791 0
13807 0
13823 0
13840 0
13856 0
13873 0
13889 0
13905 0
13922 0
13938 0
13955 0
13971 0
13988 0
14005 0
14021 0
14038 0
14054 0
14070 0
14087 0
14103 0
14120 0
14136 0
14152 0
14169 0
14185 0
14202 0
14218 0
14234 0
14251 0
14267 0
14284 0
14300 0
14316 0
14333 0
14349 0
14366 0
14382 0
14398 0
14415 0
14431 0
14447 0
14464 0
14480 0
14497 0
14513 0
14529 0
14546 0
14562 0
14579 0
14595 0
14611 0
14628 0
14644 30
14661 0
14677 0
14693 0
14710 0
14726 0
14743 0
14759 0
14775 0
14792 0
14808 0
14825 0
14841 0
14857 0
14874 0
14890 0
14906 0
14923 3778
14939 3778
14956 3775
14972 3774
14993 3798
15010 3771
15026 3769
15042 3886
15059 3770
15075 3773
15092 3780
15108 3772
15124 3769
15141 3769
15157 3771
15174 3772
15190 3764
15206 3771
15223 3769
15239 3772
15255 3771
15272 3770
15288 3772
15305 3772
15321 3770
15337 3771
15354 3770
15370 3772
15387 3769
15403 3770
15419 3739
15436 3772
15452 3772
15469 3697
15485 3773
15501 3772
15518 3788
15534 3770
15551 3771
15567 3768
15583 3774
15600 3775
15616 3770
15633 3773
15649 3775
15665 3769
15682 3770
15698 3771
15714 3774
15731 3772
15747 3770
15764 3772
15780 3770
15796 3768
15813 3771
15829 3771
15846 3769
15862 3770
15878 3773
15895 3774
15911 3774
15928 3770
15944 0
15960 0
15977 0
15994 0
16011 0
16027 0
16043 11
16060 0
16076 0
16093 0
16109 0
16125 0
16142 0
16158 0
16175 0
16191 0
16207 0
16224 0
16240 0
16257 0
16273 0
16289 0
16306 0
16322 0
16339 0
16355 0
16371 0
16388 0
16404 0
16420 0
16437 0
16453 0
16470 0
16486 0
16502 0
16519 0
16535 0
16552 0
16568 0
16584 0
16601 0
16617 0
16634 0
16650 0
16666 0
16683 0
16699 0
16716 0
16732 0
16748 0
16765 0
16781 0
16798 0
16814 0
16830 0
16847 0
16863 0
16879 0
16896 0
16912 0
16929 0
16945 0
16961 0
16978 0
16995 0
17012 0
17028 0
17045 0
17061 0
17077 0
17094 0
17110 0
17126 0
17143 0
17159 0
17176 0
17192 0
17208 0
17225 0
17241 0
17258 0
17274 0
17290 0
17307 0
17323 0
17340 0
17356 0
17372 0
17389 0
17405 0
17422 0
17438 0
17454 0
17471 0
17487 0
17504 0
17520 0
17536 0
17553 0
17569 58
17585 0
17602 0
17618 11
17635 0
17651 0
17667 279
17684 0
17700 0
17717 0
17733 0
17749 0
17766 0
17782 0
17799 0
17815 0
17831 0
17848 0
17864 0
17881 0
17897 0
17913 0
17930 0
17946 0
17963 0
17979 0
17995 0
18012 0
18028 0
18045 0
18061 0
18077 0
18094 0
18110 0
18127 0
18143 0
18159 0
18176 0
18192 0
18209 0
18225 0
18241 0
18258 0
18274 0
18290 0
18307 0
18323 0
18340 0
18356 0
18372 0
18389 0
18405 0
18422 0
18438 0
18454 0
18471 0
18487 0
18504 0
18520 0
18536 0
18553 0
18569 0
18586 0
18602 0
18618 0
18635 0
18651 0
18668 0
18684 0
18700 0
18717 0
18733 0
18749 0
18766 0
18782 0
18799 0
18815 0
18831 0
18848 0
18864 0
18881 0
18897 0
18913 0
18930 0
18946 0
18963 0
18979 0
18995 0
19012 0
19028 0
19045 0
19061 0
19077 0
19094 0
19110 3778
19127 3775
19143 3761
19159 3770
19176 3771
19192 3761
19209 3769
19225 3768
19241 3777
19258 3770
19274 3771
19290 3773
19307 3770
19323 3770
19340 3761
19356 3769
19372 3769
19389 3771
19405 3771
19422 3772
19438 3769
19454 3771
19471 3770
19487 3770
19504 3768
19520 3775
19536 3770
19553 3770
19569 3801
19586 3771
19602 3770
19618 3774
19635 3771
19651 3769
19668 3732
19684 3770
19700 3771
19717 3761
19733 3770
19749 3772
19766 3782
19782 3772
19799 3769
19815 3772
19831 3770
19848 3770
19864 3771
19881 3774
19897 3771
19913 3769
19930 3771
19946 3770
19963 3769
19979 3770
19995 3769
20012 3772
20028 3770
20045 3767
20061 3769
20077 3768
20094 3779
20110 3770
20127 0
20143 0
20159 0
20176 0
20192 0
20209 0
20225 0
20241 0
20258 0
20274 0
20290 0
20307 0
20323 0
20340 0
20356 0
20372 0
20389 0
20405 0
20422 0
20438 0
20454 0
20471 0
20487 0
20504 0
20520 0
20536 0
20553 0
20569 0
20586 0
20602 0
20618 0
20635 0
20651 0
20668 0
20684 0
20700 0
20717 0
20733 0
20749 0
20766 0
20782 0
20799 0
20815 0
20831 0
20848 0
20864 0
20881 0
20897 0
20913 0
20930 0
20946 0
20963 0
20979 0
20995 0
21012 0
21028 0
21045 0
21061 0
21077 0
21094 0
21110 0
21127 0
21143 54
21159 0
21176 0
21192 47
21209 0
21225 0
21241 0
21258 0
21274 0
21290 0
21307 0
21323 0
21340 0
21356 0
21372 0
21389 0
21405 0
21422 0
21438 0
21454 0
21471 0
21487 0
21504 0
21520 0
21536 0
21553 0
21569 0
21586 0
21602 0
21618 32
21635 0
21651 0
21668 0
21684 0
21700 0
21717 0
21733 0
21749 0
21766 0
21782 0
21799 0
21815 0
21831 0
21848 0
21864 0
21881 0
21897 0
21913 0
21930 0
21946 0
21963 0
21979 0
21995 0
22012 0
22028 0
22045 0
22061 0
22077 0
22094 0
22110 0
22127 0
22143 0
22159 0
22176 0
22192 168
22209 0
22225 0
22241 0
22258 0
22274 0
22290 0
22307 0
22323 0
22340 0
22356 0
22372 0
22389 0
22405 0
22422 0
22438 0
22454 0
22471 0
22487 0
22504 0
22520 0
22536 0
22553 0
22569 0
22586 0
22602 0
22618 2
22635 0
22651 0
22668 0
22684 0
22700 0
22717 0
22733 0
22749 0
22766 0
22782 0
22799 0
22815 0
22831 0
22848 0
22864 0
22881 0
22897 0
22913 0
22930 0
22946 0
22963 0
22979 0
22995 0
23012 0
23028 0
23045 0
23061 0
23077 0
23094 0
23110 0
23127 0
23143 0
23159 0
23176 0
23192 2
23209 0
23225 0
23241 0
23258 0
23274 0
23290 3773
23307 3774
23323 3771
23340 3767
23356 3769
23372 3768
23389 3769
23405 3771
23422 3769
23438 3767
23454 3770
23471 3769
23487 3769
23504 3768
23520 3769
23536 3769
23553 3772
23569 3761
23586 3766
23602 3770
23618 3861
23635 3769
23651 3769
23668 3763
23684 3768
23700 3772
23717 3773
23733 3769
23749 3769
23766 3772
23782 3771
23799 3770
23815 3769
23831 3771
23848 3771
23864 3769
23881 3773
23897 3772
23913 3774
23930 3773
23946 3771
23963 3770
23979 3771
23995 3768
24012 3772
24028 3770
24045 3772
24061 3769
24077 3770
24094 3762
24110 3770
24127 3775
24143 3762
24159 3770
24176 3772
24192 3799
24209 3771
24225 3771
24241 3776
24258 3769
24274 3776
24290 3772
24307 0
24323 0
24340 0
24356 0
24372 0
24389 0
24405 0
24422 0
24438 0
24454 0
24471 0
24487 0
24504 0
24520 0
24536 0
24553 0
24569 107
24586 0
24602 0
24618 0
24635 0
24651 0
24668 0
24684 0
24700 0
24717 0
24733 0
24749 0
24766 0
24782 0
24799 0
24815 0
24831 0
24848 0
24864 0
24881 0
24897 0
24913 0
24930 0
24946 0
24963 0
24979 0
24995 0
25012 0
25028 0
25045 0
25061 0
25077 0
25094 0
25110 0
25127 0
25143 64
25159 0
25176 0
25192 0
25209 0
25225 0
25241 0
25258 0
25274 0
25290 0
25307 0
25323 0
25340 0
25356 0
25372 0
25389 0
25405 0
25422 0
25438 0
25454 0
25471 0
25487 0
25504 0
25520 0
25536 0
25553 0
25569 0
25586 0
25602 0
25618 0
25635 0
25651 0
25668 0
25684 0
25700 0
25717 0
25733 0
25749 0
25766 0
25782 0
25799 0
25815 0
25831 0
25848 0
25864 0
25881 0
25897 0
25913 0
25930 0
25946 0
25963 0
25979 0
25995 0
26012 0
26028 0
26045 0
26061 0
26077 0
26094 0
26110 0
26127 0
26143 43
26159 0
26176 0
26192 0
26209 0
26225 0
26241 0
26258 0
26274 0
26290 0
26307 0
26323 0
26340 0
26356 0
26372 0
26389 0
26405 0
26422 0
26438 0
26454 0
26471 0
26487 0
26504 0
26520 0
26536 0
26553 0
26569 0
26586 0
26602 0
26618 0
26635 0
26651 0
26668 0
26684 0
26700 0
26717 0
26733 0
26749 0
26766 0
26782 0
26799 0
26815 0
26831 0
26848 0
26864 0
26881 0
26897 0
26913 0
26930 0
26946 0
26963 0
26979 0
26995 0
27012 0
27028 0
27045 0
27061 0
27077 0
27094 0
27110 0
27127 0
27143 0
27159 0
27176 0
27192 248
27209 0
27225 0
27241 0
27258 0
27274 0
27290 0
27307 0
27323 0
27340 0
27356 0
27372 0
27389 0
27405 0
27422 0
27438 0
27454 0
27471 3780
27487 3772
27504 3775
27520 3771
27536 3769
27553 3770
27569 3802
27586 3769
27602 3774
27618 3870
27635 3772
27651 3771
27668 3759
27684 3769
27700 3771
27717 3770
27733 3771
27749 3773
27766 3774
27782 3771
27799 3770
27815 3774
27831 3776
27848 3769
27864 3772
27881 3773
27897 3770
27913 3771
27930 3769
27946 3768
27963 3773
27979 3771
27995 3769
28012 3771
28028 3769
28045 3769
28061 3772
28077 3771
28094 3648
28110 3770
28127 3769
28143 3820
28159 3772
28176 3768
28192 3805
28209 3772
28225 3773
28241 3771
28258 3770
28274 3773
28290 3765
28307 3772
28323 3772
28340 3777
28356 3773
28372 3770
28389 3771
28405 3773
28422 3770
28438 3773
28454 3770
28471 3771
28487 3770
28504 0
28520 0
28536 0
28553 0
28569 0
28586 0
28602 0
28618 37
28635 0
28651 0
28668 0
28684 0
28700 0
28717 0
28733 0
28749 0
28766 0
28782 0
28799 0
28815 0
28831 0
28848 0
28864 0
28881 0
28897 0
28913 0
28930 0
28946 0
28963 0
28979 0
28995 0
29012 0
29028 0
29045 0
29061 0
29077 0
29094 0
29110 0
29127 0
29143 0
29159 0
29176 0
29192 45
29209 0
29225 0
29241 0
29258 0
29274 0
29290 0
29307 0
29323 0
29340 0
29356 0
29372 0
29389 0
29405 0
29422 0
29438 0
29454 0
29471 0
29487 0
29504 0
29520 0
29536 0
29553 0
29569 0
29586 0
29602 0
29618 0
29635 0
29651 0
29668 32
29684 0
29700 0
29717 0
29733 0
29749 0
29766 0
29782 0
29799 0
29815 0
29831 0
29848 0
29864 0
29881 0
29897 0
29913 0
29930 0
29946 0
29963 0
29979 0
29995 0
30012 0
30028 0
30045 0
30061 0
30077 0
30094 245
30110 0
30127 0
30143 0
30159 0
30176 0
30192 0
30209 0
30225 0
30241 0
30258 0
30274 0
30290 0
30307 0
30323 0
30340 0
30356 0
30372 0
30389 0
30405 0
30422 0
30438 0
30454 0
30471 0
30487 0
30504 0
30520 0
30536 0
30553 0
30569 0
30586 0
30602 0
30618 0
30635 0
30651 0
30668 0
30684 0
30700 0
30717 0
30733 0
30749 0
30766 0
30782 0
30799 0
30815 0
30831 0
30848 0
30864 0
30881 0
30897 0
30913 0
30930 0
30946 0
30963 0
30979 0
30995 0
31012 0
31028 0
31045 0
31061 0
31077 0
31094 0
31110 0
31127 0
31143 0
31159 0
31176 0
31192 0
31209 0
31225 0
31241 0
31258 0
31274 0
31290 0
31307 0
31323 0
31340 0
31356 0
31372 0
31389 0
31405 0
31422 0
31438 0
31454 0
31471 0
31487 0
31504 0
31520 0
31536 0
31553 0
31569 0
31586 0
31602 0
31618 0
31635 0
31651 216
31668 3673
31684 3773
31700 3774
31717 3768
31733 3769
31749 3771
31766 3760
31782 3767
31799 3768
31815 3765
31831 3770
31848 3768
31864 3769
31881 3768
31897 3768
31913 3771
31930 3770
31946 3770
31963 3771
31979 3769
31995 3771
32012 3771
32028 3770
32045 3772
32061 3766
32077 3774
32094 3780
32110 3769
32127 3770
32143 3854
32159 3771
32176 3771
32192 3809
32209 3770
32225 3767
32241 3773
32258 3771
32274 3772
32290 3764
32307 3769
32323 3770
32340 3782
32356 3769
32372 3767
32389 3772
32405 3771
32422 3771
32438 3774
32454 3771
32471 3771
32487 3772
32504 3774
32520 3771
32536 3772
32553 3769
32569 3769
32586 3771
32602 3763
32618 3767
32635 3772
32651 3768
32668 3756
32684 0
32700 0
32717 0
32733 0
32749 0
32766 0
32782 0
32799 0
32815 0
32831 0
32848 0
32864 0
32881 0
32897 0
32913 0
32930 0
32946 0
32963 0
32979 0
32995 0
33012 0
33028 0
33045 0
33061 0
33077 0
33094 0
33110 0
33127 0
33143 0
33159 0
33176 0
33192 0
33209 0
33225 0
33241 0
33258 0
33274 0
33290 0
33307 0
33323 0
33340 0
33356 0
33372 0
33389 0
33405 0
33422 0
33438 0
33454 0
33471 0
33487 0
33504 0
33520 0
33536 0
33553 0
33569 0
33586 0
33602 0
33618 0
33635 0
33651 0
33668 0
33684 0
33700 0
33717 0
33733 0
33749 0
33766 0
33782 0
33799 0
33815 0
33831 0
33848 0
33864 0
33881 0
33897 0
33913 0
33930 0
33946 0
33963 0
33979 0
33995 0
34012 0
34028 0
34045 0
34061 0
34077 0
34094 0
34110 0
34127 0
34143 0
34159 0
34176 0
34192 0
34209 0
34225 0
34241 0
34258 0
34274 0
34290 0
34307 0
34323 0
34340 0
34356 0
34372 0
34389 0
34405 0
34422 0
34438 0
34454 0
34471 0
34487 0
34504 0
34520 0
34536 0
34553 0
34569 0
34586 0
34602 0
34618 0
34635 0
34651 0
34668 0
34684 0
34700 0
34717 0
34733 0
34749 0
34766 0
34782 0
34799 0
34815 0
34831 0
34848 0
34864 0
34881 0
34897 0
34913 0
34930 0
34946 0
34963 0
34979 0
34995 0
35012 0
35028 0
35045 0
35061 0
35077 0
35094 0
35110 0
35127 0
35143 0
35159 0
35176 0
35192 0
35209 0
35225 0
35241 0
35258 0
35274 0
35290 0
35307 0
35323 0
35340 0
35356 0
35372 0
35389 0
35405 0
35422 0
35438 0
35454 0
35471 0
35487 0
35504 0
35520 0
35536 0
35553 0
35569 0
35586 0
35602 0
35618 0
35635 0
35651 0
35668 0
35684 0
35700 0
35717 0
35733 0
35749 0
35766 0
35782 0
35799 0
35815 0
35831 0
35848 3772
35864 3772
35881 3771
35897 3768
35913 3768
35930 3768
35946 3771
35963 3770
35979 3771
35995 3770
36012 3769
36028 3771
36045 3771
36061 3770
36077 3771
36094 3879
36110 3767
36127 3767
36143 3863
36159 3768
36176 3769
36192 3775
36209 3769
36225 3769
36241 3757
36258 3767
36274 3769
36290 3769
36307 3770
36323 3769
36340 3774
36356 3770
36372 3772
36389 3769
36405 3771
36422 3768
36438 3769
36454 3767
36471 3769
36487 3770
36504 3771
36520 3769
36536 3773
36553 3770
36569 3770
36586 3767
36602 3772
36618 3655
36635 3766
36651 3771
36668 3853
36684 3768
36700 3770
36717 3782
36733 3768
36749 3771
36766 3766
36782 3770
36799 3768
36815 3769
36831 3768
36848 3769
36864 0
36881 0
36897 0
36913 0
36930 0
36946 0
36963 0
36979 0
36995 0
37012 0
37028 0
37045 0
37061 0
37077 0
37094 0
37110 0
37127 0
37143 53
37159 0
37176 0
37192 0
37209 0
37225 0
37241 0
37258 0
37274 0
37290 0
37307 0
37323 0
37340 0
37356 0
37372 0
37389 0
37405 0
37422 0
37438 0
37454 0
37471 0
37487 0
37504 0
37520 0
37536 0
37553 0
37569 0
37586 0
37602 0
37618 0
37635 0
37651 0
37668 0
37684 0
37700 0
37717 0
37733 0
37749 0
37766 0
37782 0
37799 0
37815 0
37831 0
37848 0
37864 0
37881 0
37897 0
37913 0
37930 0
37946 0
37963 0
37979 0
37995 0
38012 0
38028 0
38045 0
38061 0
38077 0
38094 0
38110 0
38127 0
38143 0
38159 0
38176 0
38192 0
38209 0
38225 0
38241 0
38258 0
38274 0
38290 0
38307 0
38323 0
38340 0
38356 0
38372 0
38389 0
38405 0
38422 0
38438 0
38454 0
38471 0
38487 0
38504 0
38520 0
38536 0
38553 0
38569 0
38586 0
38602 0
38618 0
38635 0
38651 0
38668 0
38684 0
38700 0
38717 0
38733 0
38749 0
38766 0
38782 0
38799 0
38815 0
38831 0
38848 0
38864 0
38881 0
38897 0
38913 0
38930 0
38946 0
38963 0
38979 0
38995 0
39012 0
39028 0
39045 0
39061 0
39077 0
39094 0
39110 0
39127 0
39143 0
39159 0
39176 0
39192 0
39209 0
39225 0
39241 0
39258 0
39274 0
39290 0
39307 0
39323 0
39340 0
39356 0
39372 0
39389 0
39405 0
39422 0
39438 0
39454 0
39471 0
39487 0
39504 0
39520 0
39536 0
39553 0
39569 0
39586 0
39602 0
39618 0
39635 0
39651 0
39668 0
39684 0
39700 0
39717 0
39733 0
39749 0
39766 0
39782 0
39799 0
39815 0
39831 0
39848 0
39864 0
39881 0
39897 0
39913 0
39930 0
39946 0
39963 0
39979 0
39995 0
40012 0
40028 3779
40045 3774
40061 3772
40077 3772
40094 3759
40110 3771
40127 3769
40143 3771
40159 3772
40176 3771
40192 3819
40209 3771
40225 3770
40241 3772
40258 3771
40274 3770
40290 3759
40307 3772
40323 3767
40340 3776
40356 3769
40372 3770
40389 3770
40405 3770
40422 3771
40438 3771
40454 3773
40471 3771
40487 3769
40504 3771
40520 3769
40536 3773
40553 3775
40569 3773
40586 3772
40602 3773
40618 3736
40635 3770
40651 3768
40668 3840
40684 3769
40700 3771
40717 3597
40733 3770
40749 3771
40766 3770
40782 3771
40799 3770
40815 3771
40831 3772
40848 3770
40864 3772
40881 3771
40897 3770
40913 3798
40930 3772
40946 3770
40963 3771
40979 3771
40995 3768
41012 3774
41028 3771
41045 0
41061 0
41077 0
41094 0
41110 0
41127 0
41143 0
41159 0
41176 0
41192 0
41209 0
41225 0
41241 0
41258 0
41274 0
41290 0
41307 0
41323 0
41340 0
41356 0
41372 0
41389 0
41405 0
41422 0
41438 0
41454 0
41471 0
41487 0
41504 0
41520 0
41536 0
41553 0
41569 0
41586 0
41602 0
41618 0
41635 0
41651 0
41668 0
41684 0
41700 0
41717 0
41733 0
41749 0
41766 0
41782 0
41799 0
41815 0
41831 0
41848 0
41864 0
41881 0
41897 0
41913 0
41930 0
41946 0
41963 0
41979 0
41995 0
42012 0
42028 0
42045 0
42061 0
42077 0
42094 0
42110 0
42127 0
42143 0
42159 0
42176 0
42192 0
42209 0
42225 0
42241 0
42258 0
42274 0
42290 0
42307 0
42323 0
42340 0
42356 0
42372 0
42389 0
42405 0
42422 0
42438 0
42454 0
42471 0
42487 0
42504 0
42520 0
42536 0
42553 0
42569 0
42586 0
42602 0
42618 0
42635 0
42651 0
42668 0
42684 0
42700 0
42717 0
42733 0
42749 0
42766 0
42782 0
42799 0
42815 0
42831 0
42848 0
42864 0
42881 0
42897 0
42913 2
42930 0
42946 0
42963 0
42979 0
42995 0
43012 0
43028 0
43045 0
43061 0
43077 0
43094 0
43110 0
43127 0
43143 46
43159 0
43176 0
43192 35
43209 0
43225 0
43241 0
43258 0
43274 0
43290 0
43307 0
43323 0
43340 0
43356 0
43372 0
43389 0
43405 0
43422 0
43438 0
43454 0
43471 0
43487 0
43504 0
43520 0
43536 0
43553 0
43569 0
43586 0
43602 0
43618 189
43635 0
43651 0
43668 0
43684 0
43700 0
43717 0
43733 0
43749 0
43766 0
43782 0
43799 0
43815 0
43831 0
43848 0
43864 0
43881 0
43897 0
43913 0
43930 0
43946 0
43963 0
43979 0
43995 0
44012 0
44028 0
44045 0
44061 0
44077 0
44094 0
44110 0
44127 0
44143 0
44159 0
44176 0
44192 37
44209 3779
44225 3775
44241 3788
44258 3771
44274 3767
44290 3767
44307 3770
44323 3770
44340 3765
44356 3768
44372 3773
44389 3775
44405 3772
44422 3768
44438 3770
44454 3769
44471 3773
44487 3768
44504 3771
44520 3769
44536 3769
44553 3771
44569 3771
44586 3769
44602 3772
44618 3891
44635 3769
44651 3771
44668 3841
44684 3773
44700 3772
44717 3785
44733 3773
44749 3771
44766 3770
44782 3774
44799 3771
44815 3768
44831 3772
44848 3773
44864 3776
44881 3769
44897 3772
44913 3790
44930 3770
44946 3772
44963 3773
44979 3768
44995 3772
45012 3774
45028 3771
45045 3771
45061 3772
45077 3769
45094 3775
45110 3772
45127 3771
45143 3781
45159 3774
45176 3772
45192 3738
45209 3772
45225 0
45241 0
45258 0
45274 0
45290 0
45307 0
45323 0
45340 0
45356 0
45372 0
45389 0
45405 0
45422 0
45438 0
45454 0
45471 0
45487 0
45504 0
45520 0
45536 0
45553 0
45569 0
45586 0
45602 0
45618 91
45635 0
45651 0
45668 0
45684 0
45700 0
45717 0
45733 0
45749 0
45766 0
45782 0
45799 0
45815 0
45831 0
45848 0
45864 0
45881 0
45897 0
45913 0
45930 0
45946 0
45963 0
45979 0
45995 0
46012 0
46028 0
46045 0
46061 0
46077 0
46094 0
46110 0
46127 0
46143 0
46159 0
46176 0
46192 0
46209 0
46225 0
46241 0
46258 0
46274 0
46290 0
46307 0
46323 0
46340 0
46356 0
46372 0
46389 0
46405 0
46422 0
46438 0
46454 0
46471 0
46487 0
46504 0
46520 0
46536 0
46553 0
46569 0
46586 0
46602 0
46618 0
46635 0
46651 0
46668 0
46684 0
46700 0
46717 0
46733 0
46749 0
46766 0
46782 0
46799 0
46815 0
46831 0
46848 0
46864 0
46881 0
46897 0
46913 195
46930 0
46946 0
46963 0
46979 0
46995 0
47012 0
47028 0
47045 0
47061 0
47077 0
47094 0
47110 0
47127 0
47143 0
47159 0
47176 0
47192 0
47209 0
47225 0
47241 0
47258 0
47274 0
47290 0
47307 0
47323 0
47340 0
47356 0
47372 0
47389 0
47405 0
47422 0
47438 0
47454 0
47471 0
47487 0
47504 0
47520 0
47536 0
47553 0
47569 0
47586 0
47602 0
47618 0
47635 0
47651 0
47668 0
47684 0
47700 0
47717 0
47733 0
47749 0
47766 0
47782 0
47799 0
47815 0
47831 0
47848 0
47864 0
47881 0
47897 0
47913 17
47930 0
47946 0
47963 0
47979 0
47995 0
48012 0
48028 0
48045 0
48061 0
48077 0
48094 0
48110 0
48127 0
48143 0
48159 0
48176 0
48192 86
48209 0
48225 0
48241 0
48258 0
48274 0
48290 0
48307 0
48323 0
48340 0
48356 0
48372 0
48389 3780
48405 3778
48422 3774
48438 3769
48454 3771
48471 3772
48487 3771
48504 3770
48520 3769
48536 3768
48553 3773
48569 3772
48586 3772
48602 3772
48618 3783
48635 3770
48651 3770
48668 3774
48684 3773
48700 3769
48717 3769
48733 3773
48749 3769
48766 3773
48782 3771
48799 3768
48815 3774
48831 3769
48848 3770
48864 3773
48881 3771
48897 3772
48913 3853
48930 3772
48946 3770
48963 3773
48979 3772
48995 3771
49012 3773
49028 3772
49045 3770
49061 3770
49077 3771
49094 3771
49110 3770
49127 3772
49143 3709
49159 3769
49176 3771
49192 3812
49209 3770
49225 3770
49241 3952
49258 3769
49274 3771
49290 3779
49307 3772
49323 3771
49340 3757
49356 3768
49372 3771
49389 3764
49405 3768
49422 0
49438 0
49454 0
49471 0
49487 0
49504 0
49520 0
49536 0
49553 0
49569 0
49586 0
49602 0
49618 0
49635 0
49651 0
49668 0
49684 0
49700 0
49717 0
49733 0
49749 0
49766 0
49782 0
49799 0
49815 0
49831 0
49848 0
49864 0
49881 0
49897 0
49913 0
49930 0
49946 0
49963 0
49979 0
49995 0
50012 0
50028 0
50045 0
50061 0
50077 0
50094 0
50110 0
50127 0
50143 64
50159 0
50176 0
50192 0
50209 0
50225 0
50241 59
50258 0
50274 0
50290 0
50307 0
50323 0
50340 0
50356 0
50372 0
50389 0
50405 0
50422 0
50438 0
50454 0
50471 0
50487 0
50504 0
50520 0
50536 0
50553 0
50569 0
50586 0
50602 0
50618 0
50635 0
50651 0
50668 0
50684 0
50700 0
50717 0
50733 0
50749 0
50766 0
50782 0
50799 0
50815 0
50831 0
50848 0
50864 0
50881 0
50897 0
50913 0
50930 0
50946 0
50963 0
50979 0
50995 0
51012 0
51028 0
51045 0
51061 0
51077 0
51094 0
51110 0
51127 0
51143 0
51159 0
51176 0
51192 7
51209 0
51225 0
51241 0
51258 0
51274 0
51290 0
51307 0
51323 0
51340 0
51356 0
51372 0
51389 0
51405 0
51422 0
51438 0
51454 0
51471 0
51487 0
51504 0
51520 0
51536 0
51553 0
51569 0
51586 0
51602 0
51618 0
51635 0
51651 0
51668 18
51684 0
51700 0
51717 0
51733 0
51749 0
51766 0
51782 0
51799 0
51815 0
51831 0
51848 0
51864 0
51881 0
51897 0
51913 5
51930 0
51946 0
51963 0
51979 0
51995 0
52012 0
52028 0
52045 0
52061 0
52077 0
52094 0
52110 0
52127 0
52143 0
52159 0
52176 0
52192 0
52209 0
52225 0
52241 0
52258 0
52274 0
52290 0
52307 0
52323 0
52340 0
52356 0
52372 0
52389 0
52405 0
52422 0
52438 0
52454 0
52471 0
52487 0
52504 0
52520 0
52536 0
52553 0
52569 3786
52586 3778
52602 3774
52618 3745
52635 3772
52651 3770
52668 3758
52684 3768
52700 3771
52717 3761
52733 3770
52749 3772
52766 3770
52782 3769
52799 3772
52815 3768
52831 3771
52848 3770
52864 3770
52881 3768
52897 3774
52913 3742
52930 3768
52946 3772
52963 3772
52979 3771
52995 3772
53012 3769
53028 3771
53045 3769
53061 3772
53077 3773
53094 3769
53110 3770
53127 3770
53143 3774
53159 3770
53176 3773
53192 3754
53209 3771
53225 3771
53241 3773
53258 3772
53274 3771
53290 3770
53307 3770
53323 3771
53340 3770
53356 3771
53372 3770
53389 3758
53405 3770
53422 3770
53438 3771
53454 3768
53471 3772
53487 3770
53504 3770
53520 3770
53536 3773
53553 3773
53569 3771
53586 3769
53602 0
53618 0
53635 0
53651 0
53668 0
53684 0
53700 0
53717 0
53733 0
53749 0
53766 0
53782 0
53799 0
53815 0
53831 0
53848 0
53864 0
53881 0
53897 0
53913 0
53930 0
53946 0
53963 0
53979 0
53995 0
54012 0
54028 0
54045 0
54061 0
54077 0
54094 0
54110 0
54127 0
54143 0
54159 0
54176 0
54192 12
54209 0
54225 0
54241 0
54258 0
54274 0
54290 0
54307 0
54323 0
54340 0
54356 0
54372 0
54389 0
54405 0
54422 0
54438 0
54454 0
54471 0
54487 0
54504 0
54520 0
54536 0
54553 0
54569 0
54586 0
54602 0
54618 0
54635 0
54651 0
54668 0
54684 0
54700 0
54717 0
54733 0
54749 0
54766 0
54782 0
54799 0
54815 0
54831 0
54848 0
54864 0
54881 0
54897 0
54913 0
54930 0
54946 0
54963 0
54979 0
54995 0
55012 0
55028 0
55045 0
55061 0
55077 0
55094 0
55110 0
55127 0
55143 0
55159 0
55176 0
55192 49
55209 0
55225 0
55241 276
55258 0
55274 0
55290 0
55307 0
55323 0
55340 0
55356 0
55372 0
55389 0
55405 0
55422 0
55438 0
55454 0
55471 0
55487 0
55504 0
55520 0
55536 0
55553 0
55569 0
55586 0
55602 0
55618 0
55635 0
55651 0
55668 0
55684 0
55700 0
55717 0
55733 0
55749 0
55766 0
55782 0
55799 0
55815 0
55831 0
55848 0
55864 0
55881 0
55897 0
55913 0
55930 0
55946 0
55963 0
55979 0
55995 0
56012 0
56028 0
56045 0
56061 0
56077 0
56094 0
56110 0
56127 0
56143 0
56159 0
56176 0
56192 0
56209 0
56225 0
56241 0
56258 0
56274 0
56290 0
56307 0
56323 0
56340 0
56356 0
56372 0
56389 0
56405 0
56422 0
56438 0
56454 0
56471 0
56487 0
56504 0
56520 0
56536 0
56553 0
56569 0
56586 0
56602 0
56618 0
56635 0
56651 0
56668 0
56684 0
56700 0
56717 0
56733 0
56749 0
56766 3777
56782 3771
56799 3773
56815 3781
56831 3770
56848 3769
56864 3766
56881 3769
56897 3769
56913 3759
56930 3769
56946 3764
56963 3765
56979 3767
56995 3767
57012 3769
57028 3765
57045 3766
57061 3772
57077 3770
57094 3769
57110 3771
57127 3769
57143 3729
57159 3767
57176 3771
57192 3658
57209 3773
57225 3771
57241 3810
57258 3769
57274 3772
57290 3776
57307 3767
57323 3773
57340 3780
57356 3770
57372 3772
57389 3775
57405 3770
57422 3772
57438 3771
57454 3769
57471 3773
57487 3770
57504 3770
57520 3771
57536 3771
57553 3770
57569 3773
57586 3771
57602 3774
57618 3778
57635 3773
57651 3771
57668 3778
57684 3771
57700 3770
57717 3696
57733 3774
57749 3771
57766 3771
57782 0
57799 0
57815 0
57831 0
57848 0
57864 0
57881 0
57897 0
57913 0
57930 0
57946 0
57963 0
57979 0
57995 0
58012 0
58028 0
58045 0
58061 0
58077 0
58094 0
58110 0
58127 0
58143 189
58159 0
58176 0
58192 0
58209 0
58225 0
58241 0
58258 0
58274 0
58290 0
58307 0
58323 0
58340 0
58356 0
58372 0
58389 0
58405 0
58422 0
58438 0
58454 0
58471 0
58487 0
58504 0
58520 0
58536 0
58553 0
58569 0
58586 0
58602 0
58618 0
58635 0
58651 0
58668 0
58684 0
58700 0
58717 0
58733 0
58749 0
58766 0
58782 0
58799 0
58815 0
58831 0
58848 0
58864 0
58881 0
58897 0
58913 0
58930 0
58946 0
58963 0
58979 0
58995 0
59012 0
59028 0
59045 0
59061 0
59077 0
59094 0
59110 0
59127 0
59143 85
59159 0
59176 0
59192 0
59209 0
59225 0
59241 0
59258 0
59274 0
59290 0
59307 0
59323 0
59340 0
59356 0
59372 0
59389 0
59405 0
59422 0
59438 0
59454 0
59471 0
59487 0
59504 0
59520 0
59536 0
59553 0
59569 0
59586 0
59602 0
59618 0
59635 0
59651 0
59668 0
59684 0
59700 0
59717 42
59733 0
59749 0
59766 0
59782 0
59799 0
59815 0
59831 0
59848 0
59864 0
59881 0
59897 0
59913 0
59930 0
59946 0
59963 0
59979 0
59995 0
60012 0
60028 0
60045 0
60061 0
60077 0
60094 0
60110 0
60127 0
60143 0
60159 0
60176 0
60192 0
60209 0
60225 0
60241 0
60258 0
60274 0
60290 0
60307 0
60323 0
60340 0
60356 0
60372 0
60389 0
60405 0
60422 0
60438 0
60454 0
60471 0
60487 0
60504 0
60520 0
60536 0
60553 0
60569 0
60586 0
60602 0
60618 0
60635 0
60651 0
60668 0
60684 0
60700 0
60717 0
60733 0
60749 0
60766 0
60782 0
60799 0
60815 0
60831 0
60848 0
60864 0
60881 0
60897 0
60913 9
60930 0
60946 3775
60963 3774
60979 3771
60995 3769
61012 3771
61028 3770
61045 3764
61061 3771
61077 3771
61094 3770
61110 3771
61127 3770
61143 3774
61159 3770
61176 3772
61192 3721
61209 3771
61225 3769
61241 3742
61258 3770
61274 3769
61290 3770
61307 3770
61323 3771
61340 3770
61356 3772
61372 3771
61389 3772
61405 3770
61422 3769
61438 3771
61454 3772
61471 3773
61487 3771
61504 3771
61520 3770
61536 3772
61553 3770
61569 3769
61586 3771
61602 3771
61618 3767
61635 3772
61651 3772
61668 3759
61684 3773
61700 3771
61717 3742
61733 3768
61749 3766
61766 3766
61782 3769
61799 3769
61815 3764
61831 3772
61848 3769
61864 3768
61881 3768
61897 3771
61913 3773
61930 3772
61946 3768
61963 0
61979 0
61995 0
62012 0
62028 0
62045 0
62061 0
62077 0
62094 0
62110 0
62127 0
62143 0
62159 0
62176 0
62192 29
62209 0
62225 0
62241 0
62258 0
62274 0
62290 0
62307 0
62323 0
62340 0
62356 0
62372 0
62389 0
62405 0
62422 0
62438 0
62454 0
62471 0
62487 0
62504 0
62520 0
62536 0
62553 0
62569 0
62586 0
62602 0
62618 0
62635 0
62651 0
62668 0
62684 0
62700 0
62717 0
62733 0
62749 0
62766 0
62782 0
62799 0
62815 0
62831 0
62848 0
62864 0
62881 0
62897 0
62913 0
62930 0
62946 0
62963 0
62979 0
62995 0
63012 0
63028 0
63045 0
63061 0
63077 0
63094 0
63110 0
63127 0
63143 52
63159 0
63176 0
63192 0
63209 0
63225 0
63241 0
63258 0
63274 0
63290 0
63307 0
63323 0
63340 0
63356 0
63372 0
63389 0
63405 0
63422 0
63438 0
63454 0
63471 0
63487 0
63504 0
63520 0
63536 0
63553 0
63569 0
63586 0
63602 0
63618 0
63635 0
63651 0
63668 15
63684 0
63700 0
63717 37
63733 0
63749 0
63766 0
63782 0
63799 0
63815 0
63831 0
63848 0
63864 0
63881 0
63897 0
63913 0
63930 0
63946 0
63963 0
63979 0
63995 0
64012 0
64028 0
64045 0
64061 0
64077 0
64094 0
64110 0
64127 0
64143 0
64159 0
64176 0
64192 0
64209 0
64225 0
64241 0
64258 0
64274 0
64290 0
64307 0
64323 0
64340 0
64356 0
64372 0
64389 0
64405 0
64422 0
64438 0
64454 0
64471 0
64487 0
64504 0
64520 0
64536 0
64553 0
64569 0
64586 0
64602 0
64618 0
64635 0
64651 0
64668 0
64684 0
64700 0
64717 0
64733 0
64749 0
64766 66
64782 0
64799 0
64815 0
64831 0
64848 0
64864 0
64881 0
64897 0
64913 0
64930 0
64946 0
64963 0
64979 0
64995 0
65012 0
65028 0
65045 0
65061 0
65077 0
65094 0
65110 0
65127 3777
65143 3721
65159 3774
65176 3771
65192 3784
65209 3771
65225 3768
65241 3768
65258 3769
65274 3771
65290 3770
65307 3769
65323 3767
65340 3781
65356 3770
65372 3768
65389 3771
65405 3768
65422 3768
65438 3767
65454 3767
65471 3768
65487 3767
65504 3769
65520 3767
65536 3769
65553 3768
65569 3767
65586 3774
65602 3767
65618 3765
65635 3770
65651 3767
65668 3751
65684 3772
65700 3774
65717 3671
65733 3771
65749 3772
65766 3761
65782 3773
65799 3773
65815 3774
65831 3770
65848 3773
65864 3773
65881 3773
65897 3773
65913 3769
65930 3772
65946 3771
65963 3772
65979 3771
65995 3772
66012 3771
66028 3775
66045 3774
66061 3774
66077 3777
66094 3770
66110 3775
66127 3773
66143 0
66159 0
66176 0
66192 0
66209 0
66225 0
66241 0
66258 0
66274 0
66290 0
66307 0
66323 0
66340 0
66356 0
66372 0
66389 0
66405 0
66422 0
66438 0
66454 0
66471 0
66487 0
66504 0
66520 0
66536 0
66553 0
66569 0
66586 0
66602 0
66618 0
66635 0
66651 0
66668 0
66684 0
66700 0
66717 0
66733 0
66749 0
66766 0
66782 0
66799 0
66815 0
66831 0
66848 0
66864 0
66881 0
66897 0
66913 0
66930 0
66946 0
66963 0
66979 0
66995 0
67012 0
67028 0
67045 0
67061 0
67077 0
67094 0
67110 0
67127 0
67143 0
67159 0
67176 0
67192 0
67209 0
