2 0
55 0
72 0
88 0
105 0
121 3776
137 3772
154 3768
170 3758
187 3764
203 3767
219 3761
236 3765
252 3763
269 3740
285 3764
301 3764
318 3768
334 3766
350 3769
367 3765
383 3766
400 3765
416 3748
432 3764
449 3762
465 3765
482 3772
498 3765
514 3768
531 3765
547 3766
564 3768
580 3765
596 3762
613 3765
629 3766
646 3766
662 3768
678 3768
695 3757
711 3766
728 3765
744 3764
760 3763
777 3765
793 3767
809 3764
826 3763
842 3776
859 3769
875 3762
891 3766
908 3765
924 3768
941 3762
957 3768
973 3761
995 3755
1011 3767
1028 3765
1044 3751
1060 3763
1077 3764
1093 3772
1110 3765
1126 3769
1142 3773
1159 3765
1175 3766
1192 3766
1208 3769
1224 3764
1241 3748
1257 3763
1273 3769
1290 3764
1306 3767
1323 3766
1339 3766
1355 3767
1372 3765
1388 3765
1405 3765
1421 3765
1437 3768
1454 3766
1470 3757
1487 3771
1503 3768
1519 3775
1536 3767
1552 3767
1569 3777
1585 3766
1601 3767
1618 3771
1634 3765
1651 3769
1667 3766
1683 3769
1700 3768
1716 3769
1732 3766
1749 3768
1765 3762
1782 3767
1798 3768
1814 3770
1831 3768
1847 3770
1864 3768
1880 3766
1896 3771
1913 3765
1929 3766
1946 3766
1962 3766
1978 3767
1996 3769
2012 3765
2029 3766
2045 3906
2061 3768
2078 3766
2094 3749
2111 3766
2127 3767
2143 3724
2160 3764
2176 3765
2193 3770
2209 0
2225 0
2242 0
2258 0
2275 0
2291 0
2307 0
2324 0
2340 0
2356 0
2373 0
2389 0
2406 0
2422 0
2438 0
2455 0
2471 0
2488 0
2504 0
2520 0
2537 0
2553 0
2570 0
2586 0
2602 0
2619 0
2635 0
2652 0
2668 0
2684 0
2701 0
2717 0
2734 0
2750 0
2766 0
2783 0
2799 0
2815 0
2832 0
2848 0
2865 0
2881 0
2897 0
2914 0
2930 0
2947 0
2963 0
2979 0
2996 0
3013 0
3029 0
3046 0
3062 0
3078 0
3095 0
3111 0
3128 0
3144 21
3160 0
3177 0
3193 0
3210 0
3226 0
3242 0
3259 0
3275 0
3292 0
3308 0
3324 0
3341 0
3357 0
3373 0
3390 0
3406 0
3423 0
3439 0
3455 0
3472 0
3488 0
3505 0
3521 0
3537 0
3554 0
3570 0
3587 0
3603 0
3619 0
3636 0
3652 0
3669 0
3685 0
3701 0
3718 0
3734 0
3751 0
3767 0
3783 0
3800 0
3816 0
3832 0
3849 0
3865 0
3882 0
3898 0
3914 0
3931 0
3947 0
3964 0
3980 0
3996 0
4013 0
4029 0
4046 0
4062 0
4078 0
4095 0
4111 0
4128 0
4144 0
4160 0
4177 0
4193 0
4210 0
4226 0
4242 0
4259 0
4275 3772
4292 3766
4308 3766
4324 3767
4341 3771
4357 3765
4373 3765
4390 3766
4406 3762
4423 3764
4439 3764
4455 3763
4472 3764
4488 3767
4505 3768
4521 3765
4537 3768
4554 3767
4570 3752
4587 3763
4603 3765
4619 3767
4636 3766
4652 3764
4669 3758
4685 3766
4701 3765
4718 3765
4734 3766
4751 3766
4767 3767
4783 3765
4800 3760
4816 3763
4832 3766
4849 3765
4865 3767
4882 3768
4898 3768
4914 3762
4931 3764
4947 3765
4964 3765
4980 3767
4996 3765
5013 3765
5029 3765
5046 3764
5062 3765
5078 3770
5095 3759
5111 3766
5128 3762
5144 3659
5160 3764
5177 3764
5193 3735
5210 3765
5226 3765
5242 3766
5259 3764
5275 3767
5292 3767
5308 3765
5324 3767
5341 3764
5357 3764
5373 3762
5390 3761
5406 3764
5423 3764
5439 3767
5455 3766
5472 3763
5488 3764
5505 3761
5521 3763
5537 3765
5554 3766
5570 3735
5587 3766
5603 3767
5619 3759
5636 3764
5652 3766
5669 3752
5685 3764
5701 3765
5718 3763
5734 3764
5751 3767
5767 3773
5783 3766
5800 3764
5816 3766
5832 3761
5849 3765
5865 3763
5882 3768
5898 3766
5914 3764
5931 3766
5947 3764
5964 3764
5980 3769
5996 3764
6013 3765
6029 3762
6046 3766
6062 3764
6078 3763
6095 3818
6111 3763
6128 3764
6144 3755
6160 3765
6177 3768
6193 4067
6210 3766
6226 3765
6242 3764
6259 3763
6275 3762
6292 3761
6308 3765
6324 3765
6341 3762
6357 0
6373 0
6390 0
6406 0
6423 0
6439 0
6455 0
6472 0
6488 0
6505 0
6521 0
6537 0
6554 0
6570 0
6587 0
6603 0
6619 0
6636 0
6652 0
6669 0
6685 0
6701 0
6718 0
6734 0
6751 0
6767 0
6783 0
6800 0
6816 0
6832 0
6849 0
6865 0
6882 0
6898 0
6914 0
6931 0
6947 0
6964 0
6980 0
6996 0
7013 0
7029 0
7046 0
7062 0
7078 0
7095 0
7111 0
7128 0
7144 54
7160 0
7177 0
7193 0
7210 0
7226 0
7242 0
7259 0
7275 0
7292 0
7308 0
7324 0
7341 0
7357 0
7373 0
7390 0
7406 0
7423 0
7439 0
7455 0
7472 0
7488 0
7505 0
7521 0
7537 0
7554 0
7570 0
7587 0
7603 0
7619 0
7636 0
7652 0
7669 47
7685 0
7701 0
7718 0
7734 0
7751 0
7767 0
7783 0
7800 0
7816 0
7832 0
7849 0
7865 0
7882 0
7898 0
7914 0
7931 0
7947 0
7964 0
7980 0
7996 0
8013 0
8029 0
8046 0
8062 0
8078 0
8095 0
8111 0
8128 0
8144 16
8160 0
8177 0
8193 27
8210 0
8226 0
8242 0
8259 0
8275 0
8292 0
8308 0
8324 0
8341 0
8357 0
8373 0
8390 0
8406 0
8423 3769
8439 3768
8455 3770
8472 3764
8488 3763
8505 3763
8521 3768
8537 3764
8554 3765
8570 3784
8587 3765
8603 3763
8619 3751
8636 3762
8652 3762
8669 3769
8685 3766
8701 3765
8718 3763
8734 3764
8751 3768
8767 3766
8783 3766
8800 3762
8816 3756
8832 3768
8849 3762
8865 3791
8882 3765
8898 3762
8914 3765
8931 3768
8947 3765
8964 3764
8980 3764
8996 3764
9013 3762
9029 3762
9046 3763
9062 3764
9078 3763
9095 3906
9111 3769
9128 3766
9144 3714
9160 3766
9177 3764
9193 3725
9210 3762
9226 3765
9242 3769
9259 3760
9275 3765
9292 3768
9308 3760
9324 3765
9341 3755
9357 3762
9373 3762
9390 3760
9406 3765
9423 3766
9439 3761
9455 3768
9472 3764
9488 3764
9505 3762
9521 3763
9537 3763
9554 3766
9570 3764
9587 3764
9603 3768
9619 3766
9636 3765
9652 3765
9669 3723
9685 3765
9701 3765
9718 3756
9734 3767
9751 3762
9767 3765
9783 3766
9800 3761
9816 3768
9832 3768
9849 3767
9865 3741
9882 3766
9898 3762
9914 3761
9931 3765
9947 3769
9964 3766
9980 3766
9996 3766
10013 3768
10029 3766
10046 3766
10062 3766
10078 3769
10095 3880
10111 3765
10128 3766
10144 3662
10160 3767
10177 3765
10193 3764
10210 3766
10226 3766
10242 3761
10259 3766
10275 3766
10292 3765
10308 3767
10324 3761
10341 3764
10357 3762
10373 3765
10390 3770
10406 3769
10423 3768
10439 3768
10455 3766
10472 3767
10488 3766
10505 0
10521 0
10537 0
10554 0
10570 0
10587 0
10603 0
10619 0
10636 0
10652 0
10669 0
10685 0
10701 0
10718 0
10734 0
10751 0
10767 0
10783 0
10800 0
10816 0
10832 0
10849 0
10865 0
10882 0
10898 0
10914 0
10931 0
10947 0
10964 0
10980 0
10996 0
11013 0
11029 0
11046 0
11062 0
11078 0
11095 0
11111 0
11128 0
11144 0
11160 0
11177 0
11193 0
11210 0
11226 0
11242 0
11259 0
11275 0
11292 0
11308 0
11324 0
11341 0
11357 0
11373 0
11390 0
11406 0
11423 0
11439 0
11455 0
11472 0
11488 0
11505 0
11521 0
11537 0
11554 0
11570 0
11587 0
11603 0
11619 0
11636 0
11652 0
11669 0
11685 0
11701 0
11718 0
11734 0
11751 0
11767 0
11783 0
11800 0
11816 0
11832 0
11849 0
11865 0
11882 0
11898 0
11914 0
11931 0
11947 0
11964 0
11980 0
11996 0
12013 0
12029 0
12046 0
12062 0
12078 0
12095 0
12111 0
12128 0
12144 0
12160 0
12177 0
12193 0
12210 0
12226 0
12242 0
12259 0
12275 0
12292 0
12308 0
12324 0
12341 0
12357 0
12373 0
12390 0
12406 0
12423 0
12439 0
12455 0
12472 0
12488 0
12505 0
12521 0
12537 0
12554 0
12570 3774
12587 3769
12603 3770
12619 3760
12636 3769
12652 3769
12669 3786
12685 3764
12701 3767
12718 3766
12734 3766
12751 3766
12767 3766
12783 3768
12800 3769
12816 3765
12832 3766
12849 3766
12865 3768
12882 3766
12898 3765
12914 3765
12931 3767
12947 3762
12964 3765
12980 3769
12996 3766
13013 3769
13029 3767
13046 3768
13062 3765
13078 3764
13095 3782
13111 3766
13128 3767
13144 3771
13160 3773
13177 3767
13193 3785
13210 3767
13226 3768
13242 3763
13259 3766
13275 3768
13292 3763
13308 3768
13324 3771
13341 3766
13357 3769
13373 3769
13390 3766
13406 3766
13423 3768
13439 3766
13455 3767
13472 3768
13488 3766
13505 3768
13521 3768
13537 3771
13554 3768
13570 3768
13587 3771
13603 3765
13619 3773
13636 3767
13652 3765
13669 3687
13685 3769
13701 3767
13718 3784
13734 3771
13751 3767
13767 3768
13783 3770
13800 3765
13816 3779
13832 3763
13849 3769
13865 3774
13882 3766
13898 3765
13914 3766
13931 3767
13947 3767
13964 3763
13980 3767
13996 3766
14013 3764
14029 3767
14046 3764
14062 3764
14078 3766
14095 3854
14111 3767
14128 3768
14144 3762
14160 3767
14177 3768
14193 3758
14210 3772
14226 3764
14242 3764
14259 3766
14275 3769
14292 3769
14308 3770
14324 3766
14341 3765
14357 3767
14373 3765
14390 3767
14406 3766
14423 3765
14439 3769
14455 3768
14472 3767
14488 3766
14505 3767
14521 3768
14537 3766
14554 3763
14570 3762
14587 3766
14603 3767
14619 3852
14636 3767
14652 0
14669 0
14685 0
14701 0
14718 0
14734 0
14751 0
14767 0
14783 0
14800 0
14816 0
14832 0
14849 0
14865 0
14882 0
14898 0
14914 0
14931 0
14947 0
14964 0
14980 0
14996 0
15013 0
15029 0
15046 0
15062 0
15078 0
15095 25
15111 0
15128 0
15144 0
15160 0
15177 0
15193 0
15210 0
15226 0
15242 0
15259 0
15275 0
15292 0
15308 0
15324 0
15341 0
15357 0
15373 0
15390 0
15406 0
15423 0
15439 0
15455 0
15472 0
15488 0
15505 0
15521 0
15537 0
15554 0
15570 0
15587 0
15603 0
15619 0
15636 0
15652 0
15669 20
15685 0
15701 0
15718 0
15734 0
15751 0
15767 0
15783 0
15800 0
15816 0
15832 0
15849 0
15865 0
15882 0
15898 0
15914 0
15931 0
15947 0
15964 0
15980 0
15996 0
16013 0
16029 0
16046 0
16062 0
16078 0
16095 0
16111 0
16128 0
16144 0
16160 0
16177 0
16193 0
16210 0
16226 0
16242 0
16259 0
16275 0
16292 0
16308 0
16324 0
16341 0
16357 0
16373 0
16390 0
16406 0
16423 0
16439 0
16455 0
16472 0
16488 0
16505 0
16521 0
16537 0
16554 0
16570 0
16587 0
16603 0
16619 0
16636 0
16652 0
16669 28
16685 0
16701 0
16718 3724
16734 3769
16751 3767
16767 3762
16783 3767
16800 3764
16816 3767
16832 3762
16849 3765
16865 3764
16882 3764
16898 3766
16914 3766
16931 3764
16947 3769
16964 3763
16980 3766
16996 3763
17013 3765
17029 3764
17046 3767
17062 3767
17078 3766
17095 3797
17111 3763
17128 3766
17144 3742
17160 3765
17177 3764
17193 3779
17210 3768
17226 3763
17242 3764
17259 3764
17275 3768
17292 3773
17308 3765
17324 3764
17341 3764
17357 3764
17373 3763
17390 3767
17406 3764
17423 3764
17439 3764
17455 3766
17472 3765
17488 3765
17505 3766
17521 3763
17537 3764
17554 3766
17570 3762
17587 3766
17603 3766
17619 3769
17636 3765
17652 3763
17669 3726
17685 3765
17701 3762
17718 3778
17734 3765
17751 3761
17767 3766
17783 3762
17800 3768
17816 3767
17832 3765
17849 3768
17865 3758
17882 3764
17898 3765
17914 3763
17931 3764
17947 3767
17964 3766
17980 3770
17996 3766
18013 3763
18029 3766
18046 3765
18062 3767
18078 3763
18095 3782
18111 3764
18128 3763
18144 3770
18160 3762
18177 3769
18193 3765
18210 3760
18226 3766
18242 3763
18259 3761
18275 3762
18292 3762
18308 3763
18324 3763
18341 3774
18357 3766
18373 3765
18390 3765
18406 3759
18423 3766
18439 3766
18455 3764
18472 3764
18488 3764
18505 3767
18521 3766
18537 3766
18554 3766
18570 3767
18587 3767
18603 3766
18619 3773
18636 3763
18652 3763
18669 3854
18685 3765
18701 3766
18718 3781
18734 3762
18751 3766
18767 3766
18783 3766
18800 0
18816 0
18832 0
18849 0
18865 0
18882 0
18898 0
18914 0
18931 0
18947 0
18964 0
18980 0
18996 0
19013 0
19029 0
19046 0
19062 0
19078 0
19095 0
19111 0
19128 0
19144 0
19160 0
19177 0
19193 49
19210 0
19226 0
19242 0
19259 0
19275 0
19292 0
19308 0
19324 0
19341 0
19357 0
19373 0
19390 0
19406 0
19423 0
19439 0
19455 0
19472 0
19488 0
19505 0
19521 0
19537 0
19554 0
19570 0
19587 0
19603 0
19619 0
19636 0
19652 0
19669 0
19685 0
19701 0
19718 0
19734 0
19751 0
19767 0
19783 0
19800 0
19816 0
19832 0
19849 0
19865 0
19882 0
19898 0
19914 0
19931 0
19947 0
19964 0
19980 0
19996 0
20013 0
20029 0
20046 0
20062 0
20078 0
20095 0
20111 0
20128 0
20144 0
20160 0
20177 0
20193 19
20210 0
20226 0
20242 0
20259 0
20275 0
20292 0
20308 0
20324 0
20341 0
20357 0
20373 0
20390 0
20406 0
20423 0
20439 0
20455 0
20472 0
20488 0
20505 0
20521 0
20537 0
20554 0
20570 0
20587 0
20603 0
20619 32
20636 0
20652 0
20669 0
20685 0
20701 0
20718 0
20734 0
20751 0
20767 0
20783 0
20800 0
20816 0
20832 0
20849 0
20865 3762
20882 3768
20898 3764
20914 3764
20931 3767
20947 3766
20964 3768
20980 3766
20996 3767
21013 3760
21029 3763
21046 3764
21062 3765
21078 3767
21095 3762
21111 3767
21128 3767
21144 3643
21160 3768
21177 3766
21193 3696
21210 3764
21226 3764
21242 3766
21259 3766
21275 3766
21292 3761
21308 3769
21324 3767
21341 3767
21357 3769
21373 3764
21390 3736
21406 3766
21423 3764
21439 3763
21455 3766
21472 3765
21488 3767
21505 3766
21521 3767
21537 3768
21554 3765
21570 3772
21587 3765
21603 3764
21619 3842
21636 3764
21652 3765
21669 3739
21685 3763
21701 3766
21718 3717
21734 3767
21751 3763
21767 3767
21783 3765
21800 3769
21816 3770
21832 3767
21849 3766
21865 3764
21882 3767
21898 3766
21914 3764
21931 3767
21947 3767
21964 3764
21980 3764
21996 3766
22013 3765
22029 3765
22046 3766
22062 3764
22078 3768
22095 3772
22111 3763
22128 3765
22144 3767
22160 3765
22177 3765
22193 3688
22210 3766
22226 3769
22242 3767
22259 3763
22275 3766
22292 3755
22308 3767
22324 3766
22341 3776
22357 3764
22373 3768
22390 3765
22406 3765
22423 3769
22439 3763
22455 3768
22472 3766
22488 3766
22505 3763
22521 3762
22537 3762
22554 3768
22570 3763
22587 3766
22603 3769
22619 3629
22636 3766
22652 3762
22669 3809
22685 3766
22701 3764
22718 3789
22734 3764
22751 3764
22767 3766
22783 3764
22800 3765
22816 3753
22832 3763
22849 3765
22865 3768
22882 3765
22898 3763
22914 3765
22931 3764
22947 0
22964 0
22980 0
22996 0
23013 0
23029 0
23046 0
23062 0
23078 0
23095 0
23111 0
23128 0
23144 0
23160 0
23177 0
23193 0
23210 0
23226 0
23242 0
23259 0
23275 0
23292 0
23308 0
23324 0
23341 0
23357 0
23373 0
23390 0
23406 0
23423 0
23439 0
23455 0
23472 0
23488 0
23505 0
23521 0
23537 0
23554 0
23570 0
23587 0
23603 0
23619 0
23636 0
23652 0
23669 0
23685 0
23701 0
23718 0
23734 0
23751 0
23767 0
23783 0
23800 0
23816 0
23832 0
23849 0
23865 0
23882 0
23898 0
23914 0
23931 0
23947 0
23964 0
23980 0
23996 0
24013 0
24029 0
24046 0
24062 0
24078 0
24095 0
24111 0
24128 0
24144 0
24160 0
24177 0
24193 0
24210 0
24226 0
24242 0
24259 0
24275 0
24292 0
24308 0
24324 0
24341 0
24357 0
24373 0
24390 0
24406 0
24423 0
24439 0
24455 0
24472 0
24488 0
24505 0
24521 0
24537 0
24554 0
24570 0
24587 0
24603 0
24619 0
24636 0
24652 0
24669 0
24685 0
24701 0
24718 0
24734 0
24751 0
24767 0
24783 0
24800 0
24816 0
24832 0
24849 0
24865 0
24882 0
24898 0
24914 0
24931 0
24947 0
24964 0
24980 0
24996 0
25013 3774
25029 3769
25046 3766
25062 3765
25078 3765
25095 3758
25111 3763
25128 3766
25144 3750
25160 3766
25177 3765
25193 3787
25210 3765
25226 3765
25242 3764
25259 3764
25275 3763
25292 3771
25308 3763
25324 3766
25341 3764
25357 3765
25373 3766
25390 3768
25406 3766
25423 3768
25439 3765
25455 3763
25472 3762
25488 3764
25505 3767
25521 3765
25537 3766
25554 3763
25570 3765
25587 3766
25603 3765
25619 3739
25636 3763
25652 3766
25669 3742
25685 3765
25701 3759
25718 3782
25734 3767
25751 3769
25767 3765
25783 3767
25800 3765
25816 3771
25832 3764
25849 3764
25865 3766
25882 3765
25898 3765
25914 3766
25931 3766
25947 3766
25964 3765
25980 3767
25996 3767
26013 3765
26029 3764
26046 3764
26062 3765
26078 3765
26095 3769
26111 3765
26128 3766
26144 3773
26160 3767
26177 3763
26193 3851
26210 3764
26226 3765
26242 3753
26259 3763
26275 3763
26292 3769
26308 3766
26324 3767
26341 3766
26357 3765
26373 3766
26390 3772
26406 3763
26423 3765
26439 3769
26455 3767
26472 3765
26488 3765
26505 3767
26521 3763
26537 3763
26554 3766
26570 3765
26587 3763
26603 3766
26619 3779
26636 3765
26652 3767
26669 3766
26685 3766
26701 3766
26718 3762
26734 3764
26751 3759
26767 3763
26783 3763
26800 3766
26816 3766
26832 3767
26849 3766
26865 3773
26882 3765
26898 3764
26914 3766
26931 3764
26947 3765
26964 3764
26980 3764
26996 3765
27013 3764
27029 3765
27046 3765
27062 3768
27078 3766
27095 0
27111 0
27128 0
27144 0
27160 0
27177 0
27193 0
27210 0
27226 0
27242 0
27259 0
27275 0
27292 0
27308 0
27324 0
27341 0
27357 0
27373 0
27390 0
27406 0
27423 0
27439 0
27455 0
27472 0
27488 0
27505 0
27521 0
27537 0
27554 0
27570 0
27587 0
27603 0
27619 32
27636 0
27652 0
27669 0
27685 0
27701 0
27718 0
27734 0
27751 0
27767 0
27783 0
27800 0
27816 0
27832 0
27849 0
27865 0
27882 0
27898 0
27914 0
27931 0
27947 0
27964 0
27980 0
27996 0
28013 0
28029 0
28046 0
28062 0
28078 0
28095 0
28111 0
28128 0
28144 0
28160 0
28177 0
28193 0
28210 0
28226 0
28242 136
28259 0
28275 0
28292 0
28308 0
28324 0
28341 0
28357 0
28373 0
28390 0
28406 0
28423 0
28439 0
28455 0
28472 0
28488 0
28505 0
28521 0
28537 0
28554 0
28570 0
28587 0
28603 0
28619 0
28636 0
28652 0
28669 0
28685 0
28701 0
28718 0
28734 0
28751 0
28767 0
28783 0
28800 0
28816 0
28832 0
28849 0
28865 0
28882 0
28898 0
28914 0
28931 0
28947 0
28964 0
28980 0
28996 0
29013 0
29029 0
29046 0
29062 0
29078 0
29095 0
29111 0
29128 0
29144 3
29160 3767
29177 3769
29193 3752
29210 3761
29226 3762
29242 3779
29259 3764
29275 3765
29292 3772
29308 3765
29324 3763
29341 3765
29357 3763
29373 3762
29390 3755
29406 3765
29423 3764
29439 3765
29455 3765
29472 3764
29488 3764
29505 3766
29521 3764
29537 3763
29554 3762
29570 3763
29587 3764
29603 3765
29619 3899
29636 3765
29652 3762
29669 3870
29685 3764
29701 3766
29718 3775
29734 3765
29751 3765
29767 3768
29783 3767
29800 3606
29816 3766
29832 3754
29849 3801
29865 3763
29882 3766
29898 3764
29914 3767
29931 3767
29947 3761
29964 3768
29980 3766
29996 3755
30013 3765
30029 3767
30046 3795
30062 3766
30078 3765
30095 3765
30111 3765
30128 3763
30144 3765
30160 3767
30177 3765
30193 3764
30210 3765
30226 3768
30242 3764
30259 3767
30275 3654
30292 3763
30308 3766
30324 3727
30341 3770
30357 3765
30373 3615
30390 3765
30406 3764
30423 3775
30439 3766
30455 3764
30472 3760
30488 3766
30505 3767
30521 3761
30537 3765
30554 3765
30570 3766
30587 3766
30603 3765
30619 3764
30636 3767
30652 3763
30669 3763
30685 3762
30701 3765
30718 3766
30734 3767
30751 3766
30767 3765
30783 3764
30800 3763
30816 3754
30832 3766
30849 3765
30865 3766
30882 3763
30898 3768
30914 3767
30931 3767
30947 3768
30964 3763
30980 3767
30996 3763
31013 3763
31029 3764
31046 3763
31062 3763
31078 3769
31095 3764
31111 3766
31128 3765
31144 3763
31160 3767
31177 3767
31193 3842
31210 3766
31226 3767
31242 0
31259 0
31275 0
31292 0
31308 0
31324 0
31341 0
31357 0
31373 0
31390 0
31406 0
31423 0
31439 0
31455 0
31472 0
31488 0
31505 0
31521 0
31537 0
31554 0
31570 0
31587 0
31603 0
31619 0
31636 0
31652 0
31669 0
31685 0
31701 0
31718 0
31734 0
31751 0
31767 0
31783 0
31800 0
31816 0
31832 0
31849 0
31865 0
31882 0
31898 0
31914 0
31931 0
31947 0
31964 0
31980 0
31996 0
32013 0
32029 0
32046 0
32062 0
32078 0
32095 0
32111 0
32128 0
32144 0
32160 0
32177 0
32193 0
32210 0
32226 0
32242 0
32259 0
32275 0
32292 0
32308 0
32324 0
32341 0
32357 0
32373 0
32390 0
32406 0
32423 0
32439 0
32455 0
32472 0
32488 0
32505 0
32521 0
32537 0
32554 0
32570 0
32587 0
32603 0
32619 0
32636 0
32652 0
32669 0
32685 0
32701 0
32718 0
32734 0
32751 0
32767 0
32783 0
32800 0
32816 0
32832 0
32849 0
32865 0
32882 0
32898 0
32914 0
32931 0
32947 0
32964 0
32980 0
32996 0
33013 0
33029 0
33046 0
33062 0
33078 0
33095 0
33111 0
33128 0
33144 0
33160 0
33177 0
33193 0
33210 0
33226 0
33242 0
33259 0
33275 0
33292 0
33308 0
33324 3771
33341 3773
33357 3769
33373 3768
33390 3768
33406 3767
33423 3768
33439 3766
33455 3768
33472 3768
33488 3770
33505 3766
33521 3766
33537 3771
33554 3770
33570 3766
33587 3766
33603 3768
33619 3747
33636 3769
33652 3769
33669 3758
33685 3770
33701 3773
33718 3727
33734 3769
33751 3771
33767 3764
33783 3766
33800 3758
33816 3769
33832 3768
33849 3764
33865 3768
33882 3767
33898 3763
33914 3764
33931 3766
33947 3765
33964 3767
33980 3765
33996 3765
34013 3763
34029 3766
34046 3764
34062 3765
34078 3769
34095 3765
34111 3768
34128 3770
34144 3868
34160 3767
34177 3766
34193 3774
34210 3767
34226 3767
34242 4026
34259 3769
34275 3766
34292 3766
34308 3764
34324 3766
34341 3765
34357 3766
34373 3766
34390 3770
34406 3770
34423 3769
34439 3766
34455 3767
34472 3766
34488 3766
34505 3764
34521 3768
34537 3764
34554 3764
34570 3766
34587 3766
34603 3766
34619 3767
34636 3765
34652 3768
34669 3840
34685 3765
34701 3764
34718 3834
34734 3760
34751 3766
34767 3767
34783 3768
34800 3766
34816 3771
34832 3766
34849 3769
34865 3771
34882 3765
34898 3764
34914 3805
34931 3764
34947 3766
34964 3766
34980 3768
34996 3767
35013 3766
35029 3768
35046 3765
35062 3767
35078 3764
35095 3767
35111 3765
35128 3764
35144 3703
35160 3767
35177 3766
35193 3748
35210 3763
35226 3769
35242 3701
35259 3764
35275 3767
35292 3779
35308 3763
35324 3765
35341 3765
35357 3766
35373 3769
35390 0
35406 0
35423 0
35439 0
35455 0
35472 0
35488 0
35505 0
35521 0
35537 0
35554 0
35570 0
35587 0
35603 0
35619 0
35636 0
35652 0
35669 0
35685 0
35701 0
35718 0
35734 0
35751 0
35767 0
35783 0
35800 0
35816 0
35832 0
35849 0
35865 0
35882 0
35898 0
35914 0
35931 0
35947 0
35964 0
35980 0
35996 0
36013 0
36029 0
36046 0
36062 0
36078 0
36095 0
36111 0
36128 0
36144 0
36160 0
36177 0
36193 0
36210 0
36226 0
36242 0
36259 0
36275 0
36292 0
36308 0
36324 0
36341 0
36357 0
36373 0
36390 0
36406 0
36423 0
36439 0
36455 0
36472 0
36488 0
36505 0
36521 0
36537 0
36554 0
36570 0
36587 0
36603 0
36619 0
36636 0
36652 0
36669 0
36685 0
36701 0
36718 0
36734 0
36751 0
36767 0
36783 0
36800 0
36816 0
36832 0
36849 0
36865 0
36882 0
36898 0
36914 0
36931 0
36947 0
36964 0
36980 0
36996 0
37013 0
37029 0
37046 0
37062 0
37078 0
37095 0
37111 0
37128 0
37144 52
37160 0
37177 0
37193 11
37210 0
37226 0
37242 0
37259 0
37275 0
37292 0
37308 0
37324 0
37341 0
37357 0
37373 0
37390 0
37406 0
37423 0
37439 0
37455 0
37472 3769
37488 3765
37505 3760
37521 3763
37537 3760
37554 3762
37570 3764
37587 3766
37603 3763
37619 3760
37636 3764
37652 3762
37669 3775
37685 3762
37701 3764
37718 3754
37734 3764
37751 3765
37767 3766
37783 3768
37800 3765
37816 3762
37832 3765
37849 3764
37865 3770
37882 3765
37898 3764
37914 3757
37931 3767
37947 3765
37964 3767
37980 3765
37996 3766
38013 3764
38029 3765
38046 3763
38062 3767
38078 3763
38095 3762
38111 3768
38128 3766
38144 3606
38160 3767
38177 3766
38193 3759
38210 3766
38226 3766
38242 3786
38259 3768
38275 3766
38292 3772
38308 3766
38324 3764
38341 3766
38357 3767
38373 3765
38390 3772
38406 3766
38423 3764
38439 3767
38455 3766
38472 3767
38488 3766
38505 3769
38521 3765
38537 3767
38554 3768
38570 3764
38587 3761
38603 3767
38619 3762
38636 3768
38652 3767
38669 3757
38685 3768
38701 3767
38718 3825
38734 3765
38751 3767
38767 3762
38783 3767
38800 3767
38816 3752
38832 3765
38849 3767
38865 3769
38882 3772
38898 3765
38914 3770
38931 3764
38947 3768
38964 3765
38980 3766
38996 3764
39013 3765
39029 3768
39046 3766
39062 3769
39078 3764
39095 3766
39111 3765
39128 3762
39144 3765
39160 3766
39177 3765
39193 3771
39210 3766
39226 3765
39242 3790
39259 3767
39275 3767
39292 3776
39308 3765
39324 3763
39341 3752
39357 3765
39373 3766
39390 3769
39406 3767
39423 3769
39439 3766
39455 3767
39472 3764
39488 3767
39505 3764
39521 3764
39537 20
39554 0
39570 0
39587 0
39603 0
39619 0
39636 0
39652 0
39669 0
39685 0
39701 0
39718 37
39734 0
39751 0
39767 0
39783 0
39800 0
39816 0
39832 0
39849 0
39865 0
39882 0
39898 0
39914 0
39931 0
39947 0
39964 0
39980 0
39996 0
40013 0
40029 0
40046 0
40062 0
40078 0
40095 0
40111 0
40128 0
40144 0
40160 0
40177 0
40193 0
40210 0
40226 0
40242 0
40259 0
40275 0
40292 0
40308 0
40324 0
40341 0
40357 0
40373 0
40390 0
40406 0
40423 0
40439 0
40455 0
40472 0
40488 0
40505 0
40521 0
40537 0
40554 0
40570 0
40587 0
40603 0
40619 0
40636 0
40652 0
40669 0
40685 0
40701 0
40718 0
40734 0
40751 0
40767 0
40783 0
40800 0
40816 0
40832 0
40849 0
40865 0
40882 0
40898 0
40914 0
40931 0
40947 0
40964 0
40980 0
40996 0
41013 0
41029 0
41046 0
41062 0
41078 0
41095 0
41111 0
41128 0
41144 0
41160 0
41177 0
41193 25
41210 0
41226 0
41242 0
41259 0
41275 0
41292 0
41308 0
41324 0
41341 0
41357 0
41373 0
41390 0
41406 0
41423 0
41439 0
41455 0
41472 0
41488 0
41505 0
41521 0
41537 0
41554 0
41570 0
41587 0
41603 0
41619 3771
41636 3770
41652 3766
41669 3778
41685 3767
41701 3764
41718 3856
41734 3767
41751 3765
41767 3765
41783 3764
41800 3765
41816 3753
41832 3765
41849 3766
41865 3775
41882 3768
41898 3766
41914 3772
41931 3765
41947 3765
41964 3767
41980 3767
41996 3766
42013 3767
42029 3766
42046 3766
42062 3768
42078 3765
42095 3763
42111 3765
42128 3762
42144 3795
42160 3767
42177 3762
42193 3847
42210 3768
42226 3766
42242 3762
42259 3762
42275 3763
42292 3764
42308 3767
42324 3764
42341 3765
42357 3764
42373 3767
42390 3768
42406 3765
42423 3765
42439 3764
42455 3766
42472 3764
42488 3764
42505 3765
42521 3764
42537 3769
42554 3768
42570 3765
42587 3766
42603 3765
42619 3765
42636 3762
42652 3767
42669 3705
42685 3760
42701 3766
42718 3775
42734 3768
42751 3766
42767 3765
42783 3766
42800 3764
42816 3765
42832 3763
42849 3763
42865 3763
42882 3763
42898 3766
42914 3769
42931 3762
42947 3763
42964 3765
42980 3761
42996 3767
43013 3763
43029 3761
43046 3765
43062 3764
43078 3762
43095 3766
43111 3766
43128 3769
43144 3903
43160 3763
43177 3761
43193 3753
43210 3764
43226 3766
43242 3763
43259 3762
43275 3768
43292 3764
43308 3765
43324 3763
43341 3764
43357 3763
43373 3763
43390 3764
43406 3764
43423 3760
43439 3765
43455 3766
43472 3762
43488 3766
43505 3765
43521 3768
43537 3764
43554 3764
43570 3762
43587 3763
43603 3761
43619 3763
43636 3763
43652 3763
43669 3683
43685 3761
43701 0
43718 0
43734 0
43751 0
43767 0
43783 0
43800 0
43816 0
43832 0
43849 0
43865 0
43882 0
43898 0
43914 0
43931 0
43947 0
43964 0
43980 0
43996 0
44013 0
44029 0
44046 0
44062 0
44078 0
44095 0
44111 0
44128 0
44144 0
44160 0
44177 0
44193 0
44210 0
44226 0
44242 0
44259 0
44275 0
44292 0
44308 0
44324 0
44341 0
44357 0
44373 0
44390 0
44406 0
44423 0
44439 0
44455 0
44472 0
44488 0
44505 0
44521 0
44537 0
44554 0
44570 0
44587 0
44603 0
44619 0
44636 0
44652 0
44669 0
44685 0
44701 0
44718 0
44734 0
44751 0
44767 0
44783 0
44800 0
44816 0
44832 0
44849 0
44865 0
44882 0
44898 0
44914 0
44931 0
44947 0
44964 0
44980 0
44996 0
45013 0
45029 0
45046 0
45062 0
45078 0
45095 0
45111 0
45128 0
45144 0
45160 0
45177 0
45193 0
45210 0
45226 0
45242 0
45259 0
45275 0
45292 0
45308 0
45324 0
45341 0
45357 0
45373 0
45390 0
45406 0
45423 0
45439 0
45455 0
45472 0
45488 0
45505 0
45521 0
45537 0
45554 0
45570 0
45587 0
45603 0
45619 0
45636 0
45652 0
45669 0
45685 0
45701 0
45718 0
45734 0
45751 0
45767 3772
45783 3769
45800 3764
45816 3765
45832 3763
45849 3766
45865 3765
45882 3764
45898 3765
45914 3777
45931 3766
45947 3763
45964 3766
45980 3765
45996 3764
46013 3764
46029 3765
46046 3763
46062 3764
46078 3765
46095 3764
46111 3762
46128 3765
46144 3729
46160 3763
46177 3765
46193 3751
46210 3766
46226 3763
46242 3754
46259 3766
46275 3766
46292 3768
46308 3764
46324 3768
46341 3762
46357 3764
46373 3764
46390 3772
46406 3767
46423 3764
46439 3767
46455 3769
46472 3764
46488 3766
46505 3766
46521 3763
46537 3764
46554 3766
46570 3767
46587 3766
46603 3768
46619 3765
46636 3765
46652 3768
46669 3771
46685 3767
46701 3764
46718 3786
46734 3768
46751 3764
46767 3764
46783 3764
46800 3765
46816 3771
46832 3768
46849 3764
46865 3766
46882 3766
46898 3766
46914 3772
46931 3763
46947 3766
46964 3767
46980 3765
46996 3766
47013 3765
47029 3766
47046 3767
47062 3764
47078 3767
47095 3767
47111 3764
47128 3765
47144 3770
47160 3773
47177 3765
47193 3725
47210 3764
47226 3768
47242 3745
47259 3767
47275 3766
47292 3766
47308 3764
47324 3763
47341 3756
47357 3766
47373 3767
47390 3770
47406 3767
47423 3768
47439 3765
47455 3764
47472 3767
47488 3764
47505 3766
47521 3766
47537 3769
47554 3764
47570 3768
47587 3766
47603 3763
47619 3767
47636 3766
47652 3764
47669 3750
47685 3765
47701 3766
47718 3691
47734 3770
47751 3768
47767 3767
47783 3769
47800 3765
47816 3768
47832 3763
47849 0
47865 0
47882 0
47898 0
47914 0
47931 0
47947 0
47964 0
47980 0
47996 0
48013 0
48029 0
48046 0
48062 0
48078 0
48095 0
48111 0
48128 0
48144 0
48160 0
48177 0
48193 11
48210 0
48226 0
48242 0
48259 0
48275 0
48292 0
48308 0
48324 0
48341 0
48357 0
48373 0
48390 0
48406 0
48423 0
48439 0
48455 0
48472 0
48488 0
48505 0
48521 0
48537 0
48554 0
48570 0
48587 0
48603 0
48619 0
48636 0
48652 0
48669 0
48685 0
48701 0
48718 0
48734 0
48751 0
48767 0
48783 0
48800 0
48816 0
48832 0
48849 0
48865 0
48882 0
48898 0
48914 0
48931 0
48947 0
48964 0
48980 0
48996 0
49013 0
49029 0
49046 0
49062 0
49078 0
49095 0
49111 0
49128 0
49144 0
49160 0
49177 0
49193 0
49210 0
49226 0
49242 0
49259 0
49275 0
49292 0
49308 0
49324 0
49341 0
49357 0
49373 0
49390 0
49406 0
49423 0
49439 0
49455 0
49472 0
49488 0
49505 0
49521 0
49537 0
49554 0
49570 0
49587 0
49603 0
49619 0
49636 0
49652 0
49669 14
49685 0
49701 0
49718 0
49734 0
49751 0
49767 0
49783 0
49800 0
49816 0
49832 0
49849 0
49865 0
49882 0
49898 0
49914 3774
49931 3771
49947 3766
49964 3765
49980 3767
49996 3764
50013 3763
50029 3764
50046 3763
50062 3761
50078 3764
50095 3765
50111 3766
50128 3765
50144 3759
50160 3764
50177 3766
50193 3773
50210 3766
50226 3766
50242 3878
50259 3762
50275 3767
50292 3771
50308 3765
50324 3766
50341 3759
50357 3763
50373 3766
50390 3773
50406 3763
50423 3766
50439 3770
50455 3767
50472 3765
50488 3759
50505 3769
50521 3766
50537 3766
50554 3765
50570 3763
50587 3767
50603 3765
50619 3764
50636 3766
50652 3765
50669 3778
50685 3766
50701 3765
50718 3848
50734 3768
50751 3767
50767 3766
50783 3764
50800 3764
50816 3764
50832 3768
50849 3766
50865 3756
50882 3767
50898 3765
50914 3767
50931 3767
50947 3766
50964 3766
50980 3763
50996 3765
51013 3767
51029 3765
51046 3764
51062 3766
51078 3767
51095 3765
51111 3764
51128 3766
51144 3764
51160 3763
51177 3765
51193 3770
51210 3767
51226 3764
51242 3805
51259 3768
51275 3769
51292 3767
51308 3765
51324 3765
51341 3767
51357 3765
51373 3762
51390 3766
51406 3766
51423 3763
51439 3769
51455 3763
51472 3768
51488 3767
51505 3765
51521 3765
51537 3765
51554 3765
51570 3764
51587 3766
51603 3767
51619 3765
51636 3766
51652 3767
51669 4027
51685 3764
51701 3763
51718 3759
51734 3764
51751 3767
51767 3770
51783 3764
51800 3768
51816 3764
51832 3766
51849 3765
51865 3761
51882 3767
51898 3763
51914 3756
51931 3766
51947 3763
51964 3768
51980 3768
51996 0
52013 0
52029 0
52046 0
52062 0
52078 0
52095 0
52111 0
52128 0
52144 0
52160 0
52177 0
52193 0
52210 0
52226 0
52242 0
52259 0
52275 0
52292 0
52308 0
52324 0
52341 0
52357 0
52373 0
52390 0
52406 0
52423 0
52439 0
52455 0
52472 0
52488 0
52505 0
52521 0
52537 0
52554 0
52570 0
52587 0
52603 0
52619 0
52636 0
52652 0
52669 41
52685 0
52701 0
52718 0
52734 0
52751 0
52767 0
52783 0
52800 0
52816 0
52832 0
52849 0
52865 0
52882 0
52898 0
52914 0
52931 0
52947 0
52964 0
52980 0
52996 0
53013 0
53029 0
53046 0
53062 0
53078 0
53095 0
53111 0
53128 0
53144 0
53160 0
53177 0
53193 0
53210 0
53226 0
53242 0
53259 0
53275 0
53292 0
53308 0
53324 0
53341 0
53357 0
53373 0
53390 0
53406 0
53423 0
53439 0
53455 0
53472 0
53488 0
53505 0
53521 0
53537 0
53554 0
53570 0
53587 0
53603 0
53619 0
53636 0
53652 0
53669 0
53685 0
53701 0
53718 0
53734 0
53751 0
53767 0
53783 0
53800 0
53816 0
53832 0
53849 0
53865 0
53882 0
53898 0
53914 0
53931 0
53947 0
53964 0
53980 0
53996 0
54013 0
54029 0
54046 0
54062 3772
54078 3767
54095 3768
54111 3762
54128 3766
54144 3766
54160 3762
54177 3765
54193 3714
54210 3767
54226 3767
54242 3799
54259 3767
54275 3765
54292 3849
54308 3767
54324 3764
54341 3768
54357 3764
54373 3768
54390 3755
54406 3767
54423 3767
54439 3773
54455 3766
54472 3765
54488 3762
54505 3766
54521 3766
54537 3767
54554 3766
54570 3764
54587 3767
54603 3766
54619 3766
54636 3764
54652 3764
54669 3767
54685 3765
54701 3764
54718 3731
54734 3768
54751 3764
54767 3768
54783 3768
54800 3765
54816 3782
54832 3764
54849 3766
54865 3769
54882 3766
54898 3766
54914 3767
54931 3764
54947 3766
54964 3765
54980 3767
54996 3767
55013 3764
55029 3764
55046 3764
55062 3765
55078 3765
55095 3767
55111 3766
55128 3765
55144 3766
55160 3768
55177 3765
55193 3654
55210 3765
55226 3763
55242 3825
55259 3764
55275 3766
55292 3957
55308 3764
55324 3765
55341 3775
55357 3767
55373 3765
55390 3764
55406 3761
55423 3764
55439 3760
55455 3768
55472 3766
55488 3763
55505 3765
55521 3766
55537 3765
55554 3766
55570 3761
55587 3764
55603 3763
55619 3764
55636 3765
55652 3766
55669 3758
55685 3765
55701 3765
55718 3688
55734 3764
55751 3764
55767 3765
55783 3764
55800 3765
55816 3769
55832 3768
55849 3766
55865 3766
55882 3767
55898 3764
55914 3767
55931 3764
55947 3763
55964 3764
55980 3763
55996 3764
56013 3763
56029 3764
56046 3767
56062 3766
56078 3767
56095 3765
56111 3766
56128 3763
56144 0
56160 0
56177 0
56193 0
56210 0
56226 0
56242 0
56259 0
56275 0
56292 0
56308 0
56324 0
56341 0
56357 0
56373 0
56390 0
56406 0
56423 0
56439 0
56455 0
56472 0
56488 0
56505 0
56521 0
56537 0
56554 0
56570 0
56587 0
56603 0
56619 0
56636 0
56652 0
56669 0
56685 0
56701 0
56718 0
56734 0
56751 0
56767 0
56783 0
56800 0
56816 0
56832 0
56849 0
56865 0
56882 0
56898 0
56914 0
56931 0
56947 0
56964 0
56980 0
56996 0
57013 0
57029 0
57046 0
57062 0
57078 0
57095 0
57111 0
57128 0
57144 0
57160 0
57177 0
57193 0
57210 0
57226 0
57242 23
57259 0
57275 0
57292 0
57308 0
57324 0
57341 0
57357 0
57373 0
57390 0
57406 0
57423 0
57439 0
57455 0
57472 0
57488 0
57505 0
57521 0
57537 0
57554 0
57570 0
57587 0
57603 0
57619 0
57636 0
57652 0
57669 0
57685 0
57701 0
57718 0
57734 0
57751 0
57767 0
57783 0
57800 0
57816 0
57832 0
57849 0
57865 0
57882 0
57898 0
57914 0
57931 0
57947 0
57964 0
57980 0
57996 0
58013 0
58029 0
58046 0
58062 0
58078 0
58095 0
58111 0
58128 0
58144 0
58160 0
58177 0
58193 0
58210 3768
58226 3769
58242 3744
58259 3764
58275 3767
58292 3781
58308 3764
58324 3763
58341 3764
58357 3765
58373 3762
58390 3766
58406 3762
58423 3763
58439 3773
58455 3767
58472 3765
58488 3763
58505 3765
58521 3766
58537 3766
58554 3763
58570 3767
58587 3765
58603 3764
58619 3765
58636 3767
58652 3766
58669 3751
58685 3767
58701 3761
58718 3773
58734 3759
58751 3762
58767 3766
58783 3766
58800 3766
58816 3766
58832 3765
58849 3769
58865 3762
58882 3766
58898 3765
58914 3758
58931 3764
58947 3763
58964 3767
58980 3765
58996 3764
59013 3766
59029 3766
59046 3767
59062 3767
59078 3765
59095 3765
59111 3767
59128 3767
59144 3764
59160 3763
59177 3763
59193 3759
59210 3766
59226 3767
59242 3658
59259 3765
59275 3765
59292 3707
59308 3765
59324 3764
59341 3765
59357 3764
59373 3765
59390 3766
59406 3764
59423 3768
59439 3765
59455 3767
59472 3765
59488 3762
59505 3762
59521 3764
59537 3767
59554 3768
59570 3766
59587 3766
59603 3770
59619 3764
59636 3763
59652 3767
59669 3737
59685 3766
59701 3766
59718 3761
59734 3767
59751 3763
59767 3767
59783 3763
59800 3765
59816 3764
59832 3764
59849 3761
59865 3765
59882 3764
59898 3765
59914 3761
59931 3765
59947 3767
59964 3764
59980 3762
59996 3764
60013 3763
60029 3763
60046 3764
60062 3762
60078 3763
60095 3763
60111 3766
60128 3766
60144 3764
60160 3765
60177 3766
60193 3818
60210 3763
60226 3760
60242 3754
60259 3765
60275 3762
60292 214
60308 0
60324 0
60341 0
60357 0
60373 0
60390 0
60406 0
60423 0
60439 0
60455 0
60472 0
60488 0
60505 0
60521 0
60537 0
60554 0
60570 0
60587 0
60603 0
60619 0
60636 0
60652 0
60669 0
60685 0
60701 0
60718 0
60734 0
60751 0
60767 0
60783 0
60800 0
60816 0
60832 0
60849 0
60865 0
60882 0
60898 0
60914 0
60931 0
60947 0
60964 0
60980 0
60996 0
61013 0
61029 0
61046 0
61062 0
61078 0
61095 0
61111 0
61128 0
61144 0
61160 0
61177 0
61193 0
61210 0
61226 0
61242 56
61259 0
61275 0
61292 0
61308 0
61324 0
61341 0
61357 0
61373 0
61390 0
61406 0
61423 0
61439 0
61455 0
61472 0
61488 0
61505 0
61521 0
61537 0
61554 0
61570 0
61587 0
61603 0
61619 0
61636 0
61652 0
61669 0
61685 0
61701 0
61718 26
61734 0
61751 0
61767 0
61783 0
61800 0
61816 0
61832 0
61849 0
61865 0
61882 0
61898 0
61914 0
61931 0
61947 0
61964 0
61980 0
61996 0
62013 0
62029 0
62046 0
62062 0
62078 0
62095 0
62111 0
62128 0
62144 0
62160 0
62177 0
62193 0
62210 0
62226 0
62242 15
62259 0
62275 0
62292 35
62308 0
62324 0
62341 0
62357 3768
62373 3767
62390 3762
62406 3760
62423 3765
62439 3764
62455 3763
62472 3761
62488 3763
62505 3762
62521 3762
62537 3761
62554 3765
62570 3763
62587 3765
62603 3759
62619 3762
62636 3756
62652 3761
62669 3779
62685 3760
62701 3760
62718 3750
62734 3761
62751 3763
62767 3760
62783 3761
62800 3763
62816 3766
62832 3763
62849 3763
62865 3761
62882 3764
62898 3766
62914 3754
62931 3762
62947 3764
62964 3794
62980 3763
62996 3765
63013 3763
63029 3763
63046 3763
63062 3762
63078 3763
63095 3766
63111 3765
63128 3767
63144 3767
63160 3764
63177 3763
63193 3917
63210 3762
63226 3763
63242 3715
63259 3764
63275 3764
63292 3724
63308 3764
63324 3765
63341 3775
63357 3764
63373 3767
63390 3769
63406 3767
63423 3764
63439 3763
63455 3767
63472 3767
63488 3766
63505 3763
63521 3765
63537 3764
63554 3763
63570 3767
63587 3767
63603 3767
63619 3767
63636 3765
63652 3763
63669 3766
63685 3769
63701 3763
63718 3766
63734 3762
63751 3764
63767 3765
63783 3772
63800 3767
63816 3757
63832 3768
63849 3767
63865 3779
63882 3768
63898 3767
63914 3767
63931 3764
63947 3767
63964 3744
63980 3769
63996 3767
64013 3768
64029 3766
64046 3768
64062 3768
64078 3766
64095 3764
64111 3766
64128 3767
64144 3764
64160 3766
64177 3767
64193 3880
64210 3768
64226 3770
64242 3665
64259 3768
64275 3770
64292 3755
64308 3767
64324 3766
64341 3766
64357 3766
64373 3771
64390 3770
64406 3766
64423 3765
64439 0
64455 0
64472 0
64488 0
64505 0
64521 0
64537 0
64554 0
64570 0
64587 0
64603 0
64619 0
64636 0
64652 0
64669 0
64685 0
64701 0
64718 0
64734 0
64751 0
64767 0
64783 0
64800 0
64816 0
64832 0
64849 0
64865 0
64882 0
64898 0
64914 0
64931 0
64947 0
64964 0
64980 0
64996 0
65013 0
65029 0
65046 0
65062 0
65078 0
65095 0
65111 0
65128 0
65144 0
65160 0
65177 0
65193 0
65210 0
65226 0
65242 0
65259 0
65275 0
65292 0
65308 0
65324 0
65341 0
65357 0
65373 0
65390 0
65406 0
65423 0
65439 0
65455 0
65472 0
65488 0
65505 0
65521 0
65537 0
65554 0
65570 0
65587 0
65603 0
65619 0
65636 0
65652 0
65669 0
65685 0
65701 0
65718 0
65734 0
65751 0
65767 0
65783 0
65800 0
65816 0
65832 0
65849 0
65865 0
65882 0
65898 0
65914 0
65931 0
65947 0
65964 0
65980 0
65996 0
66013 0
66029 0
66046 0
66062 0
66078 0
66095 0
66111 0
66128 0
66144 0
66160 0
66177 0
66193 0
66210 0
66226 0
66242 0
66259 0
66275 0
66292 0
66308 0
66324 0
66341 0
66357 0
66373 0
66390 0
66406 0
66423 0
66439 0
66455 0
66472 0
66488 0
66505 3768
66521 3768
66537 3767
66554 3767
66570 3767
66587 3769
66603 3765
66619 3768
66636 3764
66652 3767
66669 3768
66685 3761
66701 3767
66718 3755
66734 3767
66751 3765
66767 3763
66783 3765
66800 3759
66816 3770
66832 3763
66849 3766
66865 3757
66882 3765
66898 3765
66914 3765
66931 3769
66947 3766
66964 3773
66980 3767
66996 3769
67013 3763
67029 3765
67046 3764
67062 3766
67078 3765
67095 3766
67111 3763
67128 3767
67144 3766
67160 3766
67177 3764
