2 2675
55 2702
72 2730
88 2759
105 2787
121 2814
137 2844
154 2871
170 2897
187 2929
203 2953
219 2983
236 3010
252 3074
269 3068
285 3095
301 3105
318 3150
334 3177
350 3215
367 3235
383 3261
400 3293
416 3315
432 3339
449 3367
465 3398
482 3427
498 3440
514 3481
531 3509
547 3536
564 3560
580 3589
596 3616
613 3641
629 3670
646 3635
662 3609
678 3580
695 3554
711 3526
728 3500
744 3467
760 3445
777 3424
793 3388
809 3359
826 3325
842 3304
859 3282
875 3249
891 3221
908 3195
924 3169
941 3138
957 3108
973 3082
995 3047
1011 3017
1028 2992
1044 2962
1060 2931
1077 2899
1093 2876
1110 2847
1126 2847
1142 2790
1159 2763
1175 2740
1192 2707
1208 2674
1224 2643
1241 2617
1257 2588
1273 2561
1290 2531
1306 2506
1323 2482
1339 2450
1355 2417
1372 2391
1388 2361
1405 2330
1421 2301
1437 2276
1454 2245
1470 2218
1487 2189
1503 2160
1519 2131
1536 2102
1552 2089
1569 2045
1585 2016
1601 1987
1618 1956
1634 1926
1651 1907
1667 1871
1683 1843
1700 1818
1716 1788
1732 1754
1749 1716
1765 1696
1782 1668
1798 1641
1814 1612
1831 1583
1847 1550
1864 1526
1880 1500
1896 1469
1913 1443
1929 1409
1946 1373
1962 1351
1978 1323
1996 1295
2012 1265
2029 1237
2045 1210
2061 1180
2078 1150
2094 1122
2111 1091
2127 967
2143 1036
2160 1010
2176 950
2193 951
2209 922
2225 726
2242 867
2258 837
2275 819
2291 779
2307 757
2324 729
2340 698
2356 672
2373 635
2389 621
2406 590
2422 564
2438 535
2455 506
2471 477
2488 454
2504 425
2520 399
2537 370
2553 344
2570 315
2586 296
2602 268
2619 240
2635 214
2652 188
2668 161
2684 135
2701 140
2717 148
2734 173
2750 208
2766 226
2783 253
2799 288
2815 311
2832 333
2848 364
2865 384
2881 410
2897 440
2914 465
2930 498
2947 528
2963 551
2979 577
2996 603
3013 633
3029 661
3046 686
3062 714
3078 744
3095 770
3111 796
3128 825
3144 853
3160 885
3177 1023
3193 937
3210 967
3226 1011
3242 1024
3259 1054
3275 863
3292 1103
3308 1139
3324 1165
3341 1193
3357 1221
3373 1253
3390 1278
3406 1308
3423 1338
3439 1363
3455 1389
3472 1415
3488 1448
3505 1482
3521 1505
3537 1535
3554 1563
3570 1595
3587 1621
3603 1650
3619 1681
3636 1703
3652 1842
3669 1764
3685 1791
3701 1866
3718 1851
3734 1883
3751 1929
3767 1938
3783 1965
3800 1983
3816 2020
3832 2053
3849 2083
3865 2107
3882 2138
3898 2167
3914 2197
3931 2223
3947 2276
3964 2281
3980 2308
3996 2339
4013 2366
4029 2394
4046 2421
4062 2452
4078 2480
4095 2510
4111 2540
4128 2567
4144 2596
4160 2622
4177 2663
4193 2685
4210 2710
4226 2794
4242 2767
4259 2795
4275 2786
4292 2850
4308 2878
4324 2906
4341 2937
4357 2964
4373 2990
4390 3019
4406 3046
4423 3085
4439 3103
4455 3130
4472 3161
4488 3190
4505 3214
4521 3242
4537 3269
4554 3298
4570 3322
4587 3352
4603 3382
4619 3406
4636 3434
4652 3433
4669 3486
4685 3519
4701 3475
4718 3574
4734 3601
4751 3613
4767 3654
4783 3680
4800 3624
4816 3597
4832 3575
4849 3544
4865 3522
4882 3492
4898 3465
4914 3439
4931 3407
4947 3398
4964 3354
4980 3324
4996 3297
5013 3271
5029 3240
5046 3215
5062 3187
5078 3157
5095 3130
5111 3101
5128 3075
5144 3046
5160 3015
5177 2985
5193 2961
5210 2935
5226 2880
5242 2874
5259 2847
5275 2752
5292 2790
5308 2764
5324 2733
5341 2700
5357 2681
5373 2647
5390 2618
5406 2595
5423 2566
5439 2534
5455 2506
5472 2475
5488 2449
5505 2418
5521 2389
5537 2361
5554 2330
5570 2308
5587 2273
5603 2248
5619 2215
5636 2187
5652 2187
5669 2130
5685 2100
5701 2052
5718 2044
5734 2012
5751 1994
5767 1957
5783 1930
5800 1897
5816 1871
5832 1841
5849 1820
5865 1782
5882 1755
5898 1726
5914 1694
5931 1668
5947 1609
5964 1613
5980 1586
5996 1554
6013 1526
6029 1496
6046 1466
6062 1442
6078 1409
6095 1382
6111 1353
6128 1324
6144 1296
6160 1265
6177 1245
6193 1211
6210 1183
6226 1127
6242 1127
6259 1090
6275 1059
6292 1041
6308 1010
6324 981
6341 954
6357 927
6373 898
6390 869
6406 840
6423 812
6439 786
6455 757
6472 728
6488 702
6505 674
6521 648
6537 622
6554 591
6570 565
6587 536
6603 511
6619 485
6636 453
6652 457
6669 403
6685 373
6701 359
6718 329
6734 294
6751 271
6767 245
6783 215
6800 188
6816 160
6832 135
6849 117
6865 151
6882 174
6898 199
6914 227
6931 248
6947 304
6964 304
6980 331
6996 360
7013 383
7029 412
7046 438
7062 470
7078 491
7095 522
7111 549
7128 580
7144 600
7160 630
7177 650
7193 685
7210 716
7226 743
7242 769
7259 795
7275 836
7292 852
7308 881
7324 906
7341 937
7357 965
7373 991
7390 1018
7406 1050
7423 1083
7439 1106
7455 1134
7472 1164
7488 1191
7505 1218
7521 1248
7537 1275
7554 1304
7570 1335
7587 1361
7603 1388
7619 1421
7636 1447
7652 1458
7669 1506
7685 1532
7701 1553
7718 1588
7734 1617
7751 1724
7767 1675
7783 1705
7800 1736
7816 1761
7832 1792
7849 1814
7865 1849
7882 1881
7898 1904
7914 1935
7931 1964
7947 1984
7964 2023
7980 2051
7996 2078
8013 2109
8029 2136
8046 2167
8062 2194
8078 2221
8095 2251
8111 2280
8128 2305
8144 2336
8160 2365
8177 2449
8193 2419
8210 2452
8226 2541
8242 2507
8259 2537
8275 2568
8292 2590
8308 2620
8324 2649
8341 2676
8357 2704
8373 2734
8390 2761
8406 2790
8423 2822
8439 2847
8455 2876
8472 2904
8488 2930
8505 2958
8521 2991
8537 3016
8554 3047
8570 3073
8587 3100
8603 3130
8619 3155
8636 3186
8652 3217
8669 3237
8685 3265
8701 3280
8718 3321
8734 3347
8751 3449
8767 3401
8783 3429
8800 3456
8816 3488
8832 3511
8849 3540
8865 3568
8882 3596
8898 3625
8914 3650
8931 3674
8947 3630
8964 3604
8980 3577
8996 3552
9013 3520
9029 3490
9046 3463
9062 3434
9078 3409
9095 3381
9111 3354
9128 3326
9144 3300
9160 3273
9177 3303
9193 3219
9210 3189
9226 3152
9242 3130
9259 3102
9275 2927
9292 3048
9308 3020
9324 2996
9341 2961
9357 2933
9373 2908
9390 2878
9406 2851
9423 2809
9439 2796
9455 2764
9472 2737
9488 2708
9505 2679
9521 2652
9537 2621
9554 2594
9570 2562
9587 2534
9603 2507
9619 2476
9636 2450
9652 2416
9669 2394
9685 2362
9701 2217
9718 2306
9734 2276
9751 2174
9767 2219
9783 2191
9800 2163
9816 2132
9832 2104
9849 2083
9865 2046
9882 2019
9898 1990
9914 1960
9931 1933
9947 1895
9964 1875
9980 1850
9996 1815
10013 1787
10029 1757
10046 1730
10062 1697
10078 1672
10095 1642
10111 1612
10128 1585
10144 1554
10160 1528
10177 1585
10193 1471
10210 1442
10226 1512
10242 1386
10259 1357
10275 1279
10292 1297
10308 1271
10324 1237
10341 1208
10357 1184
10373 1170
10390 1128
10406 1101
10423 1069
10439 1043
10455 1014
10472 986
10488 957
10505 929
10521 894
10537 875
10554 844
10570 816
10587 787
10603 760
10619 733
10636 702
10652 688
10669 653
10685 619
10701 581
10718 566
10734 539
10751 402
10767 485
10783 458
10800 428
10816 406
10832 377
10849 340
10865 324
10882 297
10898 271
10914 244
10931 218
10947 194
10964 166
10980 141
10996 112
11013 136
11029 171
11046 197
11062 223
11078 250
11095 275
11111 303
11128 325
11144 356
11160 383
11177 291
11193 440
11210 464
11226 565
11242 516
11259 546
11275 551
11292 602
11308 628
11324 660
11341 686
11357 711
11373 738
11390 765
11406 791
11423 830
11439 849
11455 879
11472 903
11488 935
11505 959
11521 989
11537 1020
11554 1046
11570 1074
11587 1103
11603 1132
11619 1158
11636 1186
11652 1210
11669 1245
11685 1274
11701 1303
11718 1328
11734 1359
11751 1385
11767 1415
11783 1447
11800 1479
11816 1502
11832 1532
11849 1555
11865 1586
11882 1620
11898 1645
11914 1675
11931 1703
11947 1728
11964 1761
11980 1785
11996 1816
12013 1847
12029 1876
12046 1904
12062 1932
12078 1960
12095 1990
12111 2017
12128 2046
12144 2074
12160 2105
12177 1905
12193 2161
12210 2189
12226 2065
12242 2247
12259 2280
12275 2338
12292 2334
12308 2364
12324 2404
12341 2418
12357 2451
12373 2472
12390 2505
12406 2538
12423 2555
12439 2592
12455 2621
12472 2648
12488 2676
12505 2705
12521 2735
12537 2759
12554 2790
12570 2816
12587 2843
12603 2876
12619 2903
12636 2931
12652 2958
12669 2988
12685 3017
12701 3040
12718 3068
12734 3099
12751 3213
12767 3153
12783 3178
12800 3215
12816 3239
12832 3266
12849 3294
12865 3320
12882 3347
12898 3374
12914 3403
12931 3431
12947 3463
12964 3485
12980 3514
12996 3538
13013 3569
13029 3595
13046 3619
13062 3649
13078 3676
13095 3635
13111 3605
13128 3577
13144 3550
13160 3523
13177 3509
13193 3469
13210 3443
13226 3420
13242 3384
13259 3358
13275 3311
13292 3301
13308 3275
13324 3250
13341 3218
13357 3192
13373 3152
13390 3141
13406 3105
13423 3076
13439 3048
13455 3023
13472 2995
13488 2965
13505 2941
13521 2911
13537 2881
13554 2854
13570 2822
13587 2796
13603 2768
13619 2740
13636 2707
13652 2688
13669 2653
13685 2626
13701 2606
13718 2566
13734 2540
13751 2523
13767 2483
13783 2451
13800 2425
13816 2393
13832 2364
13849 2347
13865 2308
13882 2278
13898 2251
13914 2224
13931 2190
13947 2196
13964 2135
13980 2106
13996 2080
14013 2047
14029 2020
14046 1991
14062 1962
14078 1934
14095 1904
14111 1873
14128 1845
14144 1818
14160 1791
14177 1734
14193 1729
14210 1702
14226 1668
14242 1650
14259 1618
14275 1580
14292 1560
14308 1531
14324 1498
14341 1471
14357 1443
14373 1417
14390 1389
14406 1357
14423 1325
14439 1302
14455 1273
14472 1241
14488 1215
14505 1188
14521 1159
14537 1128
14554 1099
14570 1071
14587 1044
14603 1015
14619 989
14636 962
14652 936
14669 903
14685 873
14701 849
14718 818
14734 792
14751 717
14767 736
14783 708
14800 671
14816 649
14832 626
14849 600
14865 569
14882 538
14898 512
14914 487
14931 464
14947 416
14964 405
14980 382
14996 352
15013 328
15029 300
15046 273
15062 250
15078 220
15095 191
15111 168
15128 142
15144 115
15160 142
15177 182
15193 193
15210 225
15226 350
15242 275
15259 301
15275 344
15292 351
15308 380
15324 392
15341 433
15357 461
15373 486
15390 515
15406 543
15423 572
15439 594
15455 632
15472 651
15488 680
15505 708
15521 735
15537 759
15554 792
15570 820
15587 848
15603 873
15619 897
15636 930
15652 957
15669 984
15685 1015
15701 1048
15718 1072
15734 1099
15751 1113
15767 1157
15783 1187
15800 1210
15816 1243
15832 1269
15849 1294
15865 1326
15882 1357
15898 1384
15914 1414
15931 1441
15947 1473
15964 1501
15980 1528
15996 1557
16013 1583
16029 1612
16046 1643
16062 1672
16078 1697
16095 1728
16111 1757
16128 1787
16144 1813
16160 1845
16177 1956
16193 1899
16210 1930
16226 1959
16242 1984
16259 2017
16275 2046
16292 2073
16308 2098
16324 2131
16341 2156
16357 2184
16373 2216
16390 2244
16406 2274
16423 2305
16439 2334
16455 2361
16472 2389
16488 2418
16505 2447
16521 2475
16537 2503
16554 2531
16570 2559
16587 2588
16603 2614
16619 2647
16636 2673
16652 2707
16669 2730
16685 2756
16701 2781
16718 2817
16734 2839
16751 2784
16767 2898
16783 2927
16800 3030
16816 2985
16832 3012
16849 3046
16865 3069
16882 3093
16898 3124
16914 3152
16931 3176
16947 3206
16964 3233
16980 3261
16996 3289
17013 3317
17029 3344
17046 3374
17062 3401
17078 3429
17095 3458
17111 3485
17128 3512
17144 3537
17160 3563
17177 3645
17193 3617
17210 3647
17226 3657
17242 3638
17259 3608
17275 3580
17292 3554
17308 3525
17324 3498
17341 3472
17357 3445
17373 3413
17390 3387
17406 3360
17423 3334
17439 3308
17455 3279
17472 3252
17488 3225
17505 3195
17521 3166
17537 3139
17554 3108
17570 3079
17587 3056
17603 3025
17619 3001
17636 2971
17652 2940
17669 2910
17685 2887
17701 2898
17718 2828
17734 2799
17751 2758
17767 2741
17783 2716
17800 2850
17816 2657
17832 2627
17849 2604
17865 2568
17882 2542
17898 2516
17914 2480
17931 2457
17947 2432
17964 2400
17980 2371
17996 2341
18013 2312
18029 2285
18046 2256
18062 2223
18078 2197
18095 2166
18111 2137
18128 2109
18144 2078
18160 2049
18177 1985
18193 1995
18210 1966
18226 1948
18242 1907
18259 1876
18275 1849
18292 1821
18308 1792
18324 1762
18341 1734
18357 1704
18373 1678
18390 1650
18406 1617
18423 1592
18439 1561
18455 1530
18472 1506
18488 1476
18505 1444
18521 1419
18537 1391
18554 1359
18570 1333
18587 1307
18603 1274
18619 1245
18636 1216
18652 1189
18669 1162
18685 1129
18701 1173
18718 1074
18734 1046
18751 1093
18767 991
18783 962
18800 980
18816 906
18832 878
18849 849
18865 821
18882 796
18898 763
18914 739
18931 710
18947 682
18964 655
18980 629
18996 602
19013 570
19029 542
19046 515
19062 491
19078 464
19095 436
19111 411
19128 381
19144 359
19160 329
19177 336
19193 277
19210 247
19226 212
19242 200
19259 171
19275 164
19292 119
19308 138
19324 165
19341 194
19357 220
19373 233
19390 270
19406 297
19423 325
19439 350
19455 377
19472 405
19488 433
19505 458
19521 483
19537 502
19554 541
19570 565
19587 595
19603 620
19619 649
19636 678
19652 706
19669 732
19685 764
19701 778
19718 817
19734 842
19751 953
19767 898
19783 926
19800 989
19816 983
19832 1012
19849 1039
19865 1068
19882 1098
19898 1127
19914 1151
19931 1184
19947 1202
19964 1241
19980 1266
19996 1298
20013 1324
20029 1354
20046 1380
20062 1410
20078 1438
20095 1465
20111 1495
20128 1525
20144 1553
20160 1579
20177 1600
20193 1637
20210 1667
20226 1733
20242 1723
20259 1756
20275 1775
20292 1810
20308 1843
20324 1870
20341 1897
20357 1925
20373 1951
20390 1984
20406 2012
20423 2036
20439 2071
20455 2097
20472 2127
20488 2157
20505 2182
20521 2212
20537 2239
20554 2270
20570 2299
20587 2328
20603 2352
20619 2387
20636 2413
20652 2435
20669 2471
20685 2497
20701 2533
20718 2554
20734 2586
20751 2546
20767 2642
20783 2671
20800 2706
20816 2726
20832 2754
20849 2783
20865 2809
20882 2842
20898 2869
20914 2898
20931 2926
20947 2959
20964 2980
20980 3010
20996 3036
21013 3065
21029 3093
21046 3118
21062 3148
21078 3174
21095 3201
21111 3231
21128 3259
21144 3282
21160 3314
21177 3363
21193 3367
21210 3396
21226 3505
21242 3449
21259 3475
21275 3478
21292 3534
21308 3560
21324 3589
21341 3617
21357 3645
21373 3674
21390 3640
21406 3609
21423 3584
21439 3557
21455 3527
21472 3500
21488 3473
21505 3447
21521 3418
21537 3390
21554 3363
21570 3332
21587 3308
21603 3279
21619 3252
21636 3224
21652 3196
21669 3164
21685 3139
21701 3114
21718 3083
21734 3054
21751 2931
21767 2999
21783 2968
21800 2882
21816 2911
21832 2887
21849 2859
21865 2829
21882 2800
21898 2772
21914 2742
21931 2714
21947 2681
21964 2656
21980 2626
21996 2600
22013 2571
22029 2543
22046 2514
22062 2487
22078 2456
22095 2428
22111 2398
22128 2369
22144 2340
22160 2314
22177 2267
22193 2254
22210 2224
22226 2275
22242 2166
22259 2142
22275 2029
22292 2081
22308 2052
22324 2021
22341 1992
22357 1963
22373 1942
22390 1906
22406 1878
22423 1860
22439 1823
22455 1791
22472 1745
22488 1731
22505 1704
22521 1673
22537 1646
22554 1619
22570 1587
22587 1560
22603 1532
22619 1503
22636 1476
22652 1443
22669 1418
22685 1387
22701 1450
22718 1331
22734 1303
22751 1264
22767 1247
22783 1218
22800 1445
22816 1161
22832 1130
22849 1100
22865 1072
22882 1047
22898 1015
22914 989
22931 961
22947 923
22964 906
22980 880
22996 850
23013 819
23029 793
23046 767
23062 736
23078 709
23095 685
23111 651
23128 623
23144 597
23160 570
23177 545
23193 518
23210 493
23226 445
23242 434
23259 410
23275 425
23292 352
23308 327
23324 312
23341 276
23357 250
23373 227
23390 194
23406 173
23423 142
23439 116
23455 131
23472 176
23488 188
23505 214
23521 238
23537 263
23554 294
23570 316
23587 349
23603 370
23619 401
23636 425
23652 452
23669 479
23685 504
23701 618
23718 561
23734 587
23751 716
23767 642
23783 670
23800 735
23816 723
23832 754
23849 778
23865 810
23882 836
23898 867
23914 895
23931 922
23947 949
23964 978
23980 1009
23996 1035
24013 1064
24029 1094
24046 1122
24062 1149
24078 1179
24095 1204
24111 1231
24128 1262
24144 1291
24160 1322
24177 1338
24193 1374
24210 1404
24226 1447
24242 1460
24259 1489
24275 1548
24292 1550
24308 1576
24324 1609
24341 1635
24357 1662
24373 1693
24390 1716
24406 1748
24423 1777
24439 1808
24455 1839
24472 1875
24488 1894
24505 1917
24521 1950
24537 1978
24554 2011
24570 2037
24587 2069
24603 2092
24619 2121
24636 2152
24652 2180
24669 2209
24685 2235
24701 2124
24718 2297
24734 2321
24751 2386
24767 2378
24783 2409
24800 2521
24816 2467
24832 2493
24849 2529
24865 2552
24882 2580
24898 2608
24914 2636
24931 2662
24947 2693
24964 2726
24980 2753
24996 2780
25013 2807
25029 2832
25046 2862
25062 2892
25078 2918
25095 2950
25111 2975
25128 3005
25144 3032
25160 3062
25177 3095
25193 3116
25210 3145
25226 3164
25242 3200
25259 3225
25275 3192
25292 3283
25308 3308
25324 3332
25341 3365
25357 3388
25373 3429
25390 3447
25406 3475
25423 3499
25439 3529
25455 3557
25472 3589
25488 3606
25505 3636
25521 3667
25537 3643
25554 3615
25570 3588
25587 3556
25603 3530
25619 3503
25636 3475
25652 3444
25669 3422
25685 3391
25701 3526
25718 3336
25734 3313
25751 3275
25767 3252
25783 3228
25800 3165
25816 3173
25832 3141
25849 3116
25865 3087
25882 3061
25898 3031
25914 3005
25931 2972
25947 2943
25964 2919
25980 2891
25996 2864
26013 2831
26029 2805
26046 2778
26062 2748
26078 2722
26095 2690
26111 2665
26128 2632
26144 2610
26160 2577
26177 2545
26193 2519
26210 2489
26226 2467
26242 2431
26259 2404
26275 2364
26292 2349
26308 2316
26324 2279
26341 2261
26357 2232
26373 2203
26390 2173
26406 2143
26423 2116
26439 2085
26455 2059
26472 2020
26488 2001
26505 1969
26521 1945
26537 1915
26554 1885
26570 1854
26587 1826
26603 1798
26619 1769
26636 1741
26652 1709
26669 1683
26685 1657
26701 1526
26718 1597
26734 1564
26751 1526
26767 1508
26783 1482
26800 1439
26816 1426
26832 1398
26849 1362
26865 1340
26882 1310
26898 1282
26914 1255
26931 1223
26947 1194
26964 1165
26980 1135
26996 1110
27013 1080
27029 1052
27046 1025
27062 993
27078 965
27095 937
27111 912
27128 882
27144 854
27160 826
27177 792
27193 769
27210 745
27226 716
27242 682
27259 659
27275 654
27292 604
27308 573
27324 546
27341 518
27357 495
27373 454
27390 437
27406 414
27423 379
27439 361
27455 333
27472 302
27488 279
27505 250
27521 226
27537 203
27554 175
27570 148
27587 124
27603 136
27619 162
27636 186
27652 214
27669 241
27685 263
27701 303
27718 316
27734 344
27751 382
27767 398
27783 429
27800 500
27816 477
27832 508
27849 537
27865 559
27882 587
27898 618
27914 645
27931 671
27947 697
27964 727
27980 755
27996 782
28013 812
28029 838
28046 864
28062 895
28078 922
28095 949
28111 979
28128 1006
28144 1031
28160 1066
28177 1096
28193 1118
28210 1147
28226 1133
28242 1205
28259 1232
28275 1344
28292 1290
28308 1319
28324 1531
28341 1376
28357 1407
28373 1430
28390 1460
28406 1487
28423 1502
28439 1547
28455 1570
28472 1602
28488 1633
28505 1661
28521 1689
28537 1716
28554 1744
28570 1775
28587 1803
28603 1828
28619 1861
28636 1887
28652 1917
28669 1947
28685 1978
28701 1997
28718 2034
28734 2064
28751 2093
28767 2119
28783 2149
28800 2144
28816 2205
28832 2236
28849 2266
28865 2293
28882 2322
28898 2348
28914 2377
28931 2409
28947 2443
28964 2464
28980 2494
28996 2523
29013 2550
29029 2580
29046 2606
29062 2634
29078 2664
29095 2694
29111 2722
29128 2752
29144 2778
29160 2808
29177 2831
29193 2860
29210 2890
29226 2880
29242 2950
29259 2977
29275 2952
29292 3030
29308 3060
29324 3084
29341 3116
29357 3142
29373 3169
29390 3197
29406 3228
29423 3251
29439 3278
29455 3309
29472 3320
29488 3366
29505 3387
29521 3417
29537 3445
29554 3471
29570 3497
29587 3528
29603 3555
29619 3581
29636 3608
29652 3637
29669 3662
29685 3646
29701 3616
29718 3585
29734 3561
29751 3589
29767 3507
29783 3479
29800 3467
29816 3426
29832 3395
29849 3368
29865 3341
29882 3314
29898 3283
29914 3257
29931 3229
29947 3203
29964 3173
29980 3149
29996 3120
30013 3089
30029 3062
30046 3033
30062 3006
30078 2982
30095 2948
30111 2921
30128 2893
30144 2865
30160 2835
30177 2811
30193 2780
30210 2752
30226 2766
30242 2691
30259 2661
30275 2529
30292 2606
30308 2578
30324 2548
30341 2522
30357 2492
30373 2454
30390 2434
30406 2405
30423 2374
30439 2344
30455 2318
30472 2289
30488 2260
30505 2233
30521 2203
30537 2174
30554 2149
30570 2121
30587 2090
30603 2060
30619 2033
30636 2003
30652 1975
30669 1944
30685 1917
30701 1868
30718 1861
30734 1829
30751 1886
30767 1773
30783 1743
30800 1707
30816 1686
30832 1657
30849 1628
30865 1602
30882 1570
30898 1544
30914 1519
30931 1485
30947 1455
30964 1426
30980 1400
30996 1371
31013 1340
31029 1313
31046 1287
31062 1255
31078 1229
31095 1196
31111 1169
31128 1142
31144 1114
31160 1087
31177 1059
31193 1028
31210 1001
31226 953
31242 944
31259 916
31275 874
31292 858
31308 833
31324 783
31341 774
31357 748
31373 719
31390 694
31406 663
31423 634
31439 608
31455 582
31472 562
31488 526
31505 494
31521 473
31537 444
31554 416
31570 389
31587 360
31603 337
31619 312
31636 284
31652 257
31669 233
31685 203
31701 316
31718 153
31734 123
31751 120
31767 159
31783 181
31800 219
31816 237
31832 264
31849 290
31865 317
31882 344
31898 370
31914 396
31931 425
31947 458
31964 478
31980 506
31996 531
32013 558
32029 590
32046 614
32062 643
32078 668
32095 696
32111 724
32128 753
32144 780
32160 806
32177 835
32193 865
32210 894
32226 922
32242 951
32259 976
32275 961
32292 1034
32308 1059
32324 1096
32341 1117
32357 1144
32373 1169
32390 1199
32406 1236
32423 1259
32439 1288
32455 1315
32472 1350
32488 1372
32505 1400
32521 1429
32537 1457
32554 1489
32570 1514
32587 1546
32603 1572
32619 1600
32636 1629
32652 1656
32669 1687
32685 1717
32701 1723
32718 1774
32734 1804
32751 1842
32767 1859
32783 1888
32800 1890
32816 1947
32832 1977
32849 2005
32865 2036
32882 2061
32898 2089
32914 2120
32931 2148
32947 2179
32964 2204
32980 2231
32996 2264
33013 2293
33029 2321
33046 2350
33062 2375
33078 2410
33095 2434
33111 2462
33128 2491
33144 2518
33160 2549
33177 2578
33193 2608
33210 2633
33226 2663
33242 2691
33259 2721
33275 2685
33292 2776
33308 2803
33324 2835
33341 2862
33357 2891
33373 2917
33390 2946
33406 2975
33423 3005
33439 3030
33455 3055
33472 3090
33488 3114
33505 3143
33521 3171
33537 3199
33554 3227
33570 3253
33587 3278
33603 3303
33619 3337
33636 3361
33652 3388
33669 3417
33685 3446
33701 3471
33718 3499
33734 3525
33751 3546
33767 3580
33783 3606
33800 3630
33816 3662
33832 3647
33849 3619
33865 3590
33882 3565
33898 3536
33914 3509
33931 3483
33947 3455
33964 3424
33980 3398
33996 3369
34013 3343
34029 3316
34046 3288
34062 3260
34078 3233
34095 3202
34111 3180
34128 3149
34144 3121
34160 3095
34177 3065
34193 3036
34210 3008
34226 2947
34242 2952
34259 2922
34275 2937
34292 2867
34308 2838
34324 3040
34341 2783
34357 2752
34373 2724
34390 2695
34406 2669
34423 2639
34439 2611
34455 2581
34472 2560
34488 2526
34505 2494
34521 2467
34537 2436
34554 2407
34570 2380
34587 2351
34603 2323
34619 2292
34636 2268
34652 2236
34669 2206
34685 2177
34701 2178
34718 2120
34734 2090
34751 2167
34767 2031
34783 2004
34800 1959
34816 1949
34832 1920
34849 1889
34865 1861
34882 1832
34898 1805
34914 1776
34931 1747
34947 1716
34964 1688
34980 1661
34996 1666
35013 1600
35029 1573
35046 1543
35062 1517
35078 1486
35095 1458
35111 1429
35128 1400
35144 1373
35160 1345
35177 1319
35193 1285
35210 1259
35226 1103
35242 1199
35259 1173
35275 1184
35292 1115
35308 1090
35324 1003
35341 1030
35357 998
35373 974
35390 944
35406 916
35423 889
35439 861
35455 829
35472 815
35488 776
35505 748
35521 725
35537 693
35554 668
35570 639
35587 609
35603 581
35619 555
35636 528
35652 500
35669 473
35685 448
35701 403
35718 391
35734 365
35751 407
35767 310
35783 288
35800 224
35816 233
35832 206
35849 176
35865 155
35882 130
35898 133
35914 158
35931 181
35947 207
35964 235
35980 260
35996 288
36013 314
36029 340
36046 370
36062 392
36078 418
36095 448
36111 474
36128 502
36144 531
36160 557
36177 586
36193 611
36210 634
36226 659
36242 692
36259 721
36275 710
36292 774
36308 805
36324 866
36341 856
36357 893
36373 919
36390 949
36406 971
36423 1006
36439 1029
36455 1059
36472 1086
36488 1115
36505 1146
36521 1170
36537 1200
36554 1229
36570 1257
36587 1285
36603 1315
36619 1343
36636 1370
36652 1401
36669 1429
36685 1456
36701 1492
36718 1515
36734 1542
36751 1553
36767 1600
36783 1626
36800 1724
36816 1686
36832 1713
36849 1748
36865 1773
36882 1800
36898 1831
36914 1857
36931 1884
36947 1917
36964 1944
36980 1971
36996 2003
37013 2029
37029 2062
37046 2090
37062 2119
37078 2145
37095 2174
37111 2204
37128 2230
37144 2260
37160 2287
37177 2318
37193 2347
37210 2375
37226 2639
37242 2431
37259 2460
37275 2471
37292 2518
37308 2546
37324 2545
37341 2606
37357 2633
37373 2657
37390 2690
37406 2717
37423 2751
37439 2772
37455 2801
37472 2819
37488 2860
37505 2886
37521 2915
37537 2944
37554 2970
37570 2999
37587 3028
37603 3054
37619 3083
37636 3110
37652 3138
37669 3168
37685 3195
37701 3222
37718 3250
37734 3285
37751 3284
37767 3333
37783 3360
37800 3386
37816 3413
37832 3442
37849 3459
37865 3497
37882 3523
37898 3548
37914 3578
37931 3606
37947 3631
37964 3663
37980 3648
37996 3610
38013 3597
38029 3567
38046 3535
38062 3510
38078 3482
38095 3456
38111 3432
38128 3400
38144 3373
38160 3348
38177 3318
38193 3291
38210 3261
38226 3227
38242 3205
38259 3179
38275 3177
38292 3124
38308 3095
38324 3087
38341 3035
38357 3009
38373 2969
38390 2955
38406 2923
38423 2900
38439 2863
38455 2837
38472 2808
38488 2782
38505 2753
38521 2724
38537 2694
38554 2671
38570 2639
38587 2611
38603 2582
38619 2552
38636 2526
38652 2498
38669 2471
38685 2441
38701 2410
38718 2381
38734 2355
38751 2334
38767 2295
38783 2265
38800 2350
38816 2209
38832 2181
38849 2156
38865 2126
38882 2098
38898 2067
38914 2033
38931 2008
38947 1978
38964 1951
38980 1922
38996 1894
39013 1863
39029 1835
39046 1806
39062 1776
39078 1750
39095 1719
39111 1693
39128 1659
39144 1632
39160 1603
39177 1574
39193 1547
39210 1518
39226 1505
39242 1460
39259 1434
39275 1481
39292 1375
39308 1345
39324 1339
39341 1287
39357 1257
39373 1227
39390 1202
39406 1174
39423 1132
39439 1118
39455 1088
39472 1056
39488 1032
39505 1002
39521 974
39537 946
39554 918
39570 887
39587 863
39603 834
39619 807
39636 780
39652 752
39669 721
39685 696
39701 666
39718 636
39734 612
39751 586
39767 561
39783 532
39800 568
39816 478
39832 452
39849 427
39865 393
39882 367
39898 343
39914 316
39931 290
39947 268
39964 236
39980 210
39996 186
40013 155
40029 130
40046 104
40062 154
40078 182
40095 207
40111 229
40128 258
40144 285
40160 311
40177 338
40193 364
40210 391
40226 416
40242 446
40259 473
40275 487
40292 525
40308 555
40324 553
40341 608
40357 635
40373 668
40390 694
40406 719
40423 743
40439 774
40455 799
40472 819
40488 857
40505 884
40521 911
40537 941
40554 968
40570 998
40587 1027
40603 1053
40619 1085
40636 1110
40652 1140
40669 1166
40685 1196
40701 1229
40718 1252
40734 1280
40751 1300
40767 1339
40783 1369
40800 1354
40816 1425
40832 1448
40849 1478
40865 1511
40882 1540
40898 1571
40914 1596
40931 1622
40947 1655
40964 1681
40980 1710
40996 1728
41013 1766
41029 1796
41046 1825
41062 1854
41078 1882
41095 1911
41111 1943
41128 1969
41144 1998
41160 2028
41177 2052
41193 2081
41210 2114
41226 2135
41242 2167
41259 2199
41275 2234
41292 2256
41308 2285
41324 2334
41341 2345
41357 2369
41373 2394
41390 2426
41406 2455
41423 2480
41439 2513
41455 2545
41472 2565
41488 2598
41505 2626
41521 2655
41537 2682
41554 2711
41570 2743
41587 2767
41603 2795
41619 2825
41636 2851
41652 2883
41669 2907
41685 2942
41701 2962
41718 2993
41734 3022
41751 3059
41767 3078
41783 3106
41800 3041
41816 3164
41832 3190
41849 3218
41865 3244
41882 3276
41898 3299
41914 3329
41931 3357
41947 3380
41964 3409
41980 3436
41996 3471
42013 3491
42029 3521
42046 3549
42062 3574
42078 3601
42095 3626
42111 3656
42128 3648
42144 3625
42160 3595
42177 3570
42193 3543
42210 3513
42226 3402
42242 3459
42259 3431
42275 3407
42292 3377
42308 3349
42324 3315
42341 3294
42357 3263
42373 3236
42390 3210
42406 3182
42423 3157
42439 3125
42455 3099
42472 3061
42488 3044
42505 3013
42521 2984
42537 2956
42554 2927
42570 2904
42587 2873
42603 2845
42619 2816
42636 2788
42652 2756
42669 2733
42685 2700
42701 2674
42718 2645
42734 2614
42751 2551
42767 2559
42783 2530
42800 2521
42816 2472
42832 2443
42849 2228
42865 2388
42882 2357
42898 2329
42914 2303
42931 2273
42947 2240
42964 2214
42980 2186
42996 2162
43013 2130
43029 2096
43046 2066
43062 2040
43078 2011
43095 1984
43111 1959
43128 1926
43144 1896
43160 1867
43177 1836
43193 1810
43210 1781
43226 1627
43242 1723
43259 1695
43275 1616
43292 1635
43308 1607
43324 1580
43341 1551
43357 1523
43373 1490
43390 1465
43406 1434
43423 1406
43439 1380
43455 1350
43472 1320
43488 1293
43505 1265
43521 1236
43537 1206
43554 1176
43570 1151
43587 1119
43603 1095
43619 1063
43636 1037
43652 1005
43669 977
43685 953
43701 920
43718 895
43734 871
43751 724
43767 811
43783 781
43800 839
43816 726
43832 699
43849 817
43865 642
43882 617
43898 588
43914 561
43931 533
43947 507
43964 475
43980 451
43996 423
44013 396
44029 370
44046 345
44062 316
44078 293
44095 264
44111 236
44128 213
44144 184
44160 159
44177 133
44193 108
44210 149
44226 133
44242 201
44259 229
44275 153
44292 278
44308 309
44324 340
44341 364
44357 387
44373 423
44390 442
44406 466
44423 508
44439 524
44455 548
44472 582
44488 603
44505 633
44521 659
44537 689
44554 711
44570 744
44587 772
44603 796
44619 828
44636 853
44652 887
44669 912
44685 931
44701 969
44718 995
44734 1022
44751 1037
44767 1081
44783 1108
44800 1139
44816 1166
44832 1194
44849 1221
44865 1251
44882 1279
44898 1307
44914 1335
44931 1366
44947 1395
44964 1423
44980 1450
44996 1478
45013 1510
45029 1538
45046 1561
45062 1596
45078 1621
45095 1650
45111 1680
45128 1708
45144 1739
45160 1767
45177 1791
45193 1821
45210 1853
45226 1892
45242 1911
45259 1939
45275 1991
45292 1994
45308 2024
45324 2071
45341 2083
45357 2113
45373 2142
45390 2166
45406 2196
45423 2228
45439 2251
45455 2281
45472 2314
45488 2338
45505 2370
45521 2395
45537 2426
45554 2457
45570 2484
45587 2511
45603 2541
45619 2567
45636 2594
45652 2623
45669 2652
45685 2681
45701 2710
45718 2739
45734 2766
45751 2792
45767 2824
45783 2849
45800 2857
45816 2908
45832 2937
45849 2989
45865 2993
45882 3017
45898 3049
45914 3076
45931 3101
45947 3134
45964 3162
45980 3188
45996 3224
46013 3243
46029 3270
46046 3299
46062 3327
46078 3352
46095 3382
46111 3407
46128 3434
46144 3462
46160 3491
46177 3514
46193 3545
46210 3573
46226 3582
46242 3624
46259 3653
46275 3668
46292 3627
46308 3597
46324 3565
46341 3546
46357 3515
46373 3490
46390 3461
46406 3434
46423 3402
46439 3380
46455 3350
46472 3325
46488 3294
46505 3270
46521 3241
46537 3214
46554 3187
46570 3156
46587 3127
46603 3100
46619 3074
46636 3047
46652 3016
46669 2989
46685 2958
46701 2933
46718 2903
46734 2872
46751 2845
46767 2817
46783 2789
46800 2742
46816 2733
46832 2703
46849 2686
46865 2646
46882 2618
46898 2587
46914 2562
46931 2534
46947 2512
46964 2474
46980 2447
46996 2417
47013 2390
47029 2359
47046 2332
47062 2302
47078 2272
47095 2244
47111 2218
47128 2188
47144 2155
47160 2128
47177 2098
47193 2072
47210 2042
47226 2007
47242 1986
47259 1957
47275 1931
47292 1898
47308 1868
47324 1898
47341 1810
47357 1787
47373 1756
47390 1723
47406 1697
47423 1663
47439 1638
47455 1611
47472 1574
47488 1553
47505 1525
47521 1493
47537 1469
47554 1440
47570 1409
47587 1379
47603 1351
47619 1323
47636 1294
47652 1264
47669 1239
47685 1206
47701 1179
47718 1155
47734 1119
47751 1056
47767 1069
47783 1036
47800 1071
47816 981
47832 950
47849 724
47865 896
47882 870
47898 843
47914 813
47931 786
47947 765
47964 729
47980 700
47996 670
48013 650
48029 617
48046 590
48062 565
48078 536
48095 510
48111 480
48128 456
48144 425
48160 399
48177 370
48193 348
48210 321
48226 307
48242 267
48259 239
48275 199
48292 190
48308 164
48324 70
48341 110
48357 147
48373 171
48390 199
48406 224
48423 259
48439 280
48455 308
48472 320
48488 359
48505 390
48521 397
48537 440
48554 469
48570 493
48587 522
48603 548
48619 576
48636 601
48652 631
48669 658
48685 693
48701 713
48718 740
48734 768
48751 874
48767 823
48783 853
48800 874
48816 907
48832 936
48849 1011
48865 993
48882 1024
48898 1050
48914 1081
48931 1107
48947 1137
48964 1163
48980 1192
48996 1210
49013 1250
49029 1276
49046 1307
49062 1334
49078 1358
49095 1391
49111 1420
49128 1447
49144 1475
49160 1504
49177 1535
49193 1563
49210 1586
49226 1621
49242 1649
49259 1676
49275 1683
49292 1736
49308 1762
49324 1784
49341 1820
49357 1843
49373 1878
49390 1906
49406 1936
49423 1963
49439 1993
49455 2020
49472 2045
49488 2079
49505 2108
49521 2119
49537 2164
49554 2194
49570 2225
49587 2251
49603 2279
49619 2308
49636 2337
49652 2364
49669 2394
49685 2421
49701 2449
49718 2480
49734 2509
49751 2486
49767 2564
49783 2592
49800 2718
49816 2652
49832 2679
49849 2700
49865 2736
49882 2765
49898 2795
49914 2820
49931 2847
49947 2879
49964 2906
49980 2933
49996 2967
50013 2989
50029 3015
50046 3046
50062 3075
50078 3101
50095 3130
50111 3155
50128 3184
50144 3215
50160 3241
50177 3269
50193 3295
50210 3325
50226 3349
50242 3380
50259 3405
50275 3509
50292 3462
50308 3488
50324 3588
50341 3542
50357 3572
50373 3595
50390 3625
50406 3651
50423 3670
50439 3631
50455 3598
50472 3572
50488 3549
50505 3518
50521 3499
50537 3466
50554 3437
50570 3409
50587 3384
50603 3354
50619 3324
50636 3299
50652 3270
50669 3246
50685 3215
50701 3188
50718 3157
50734 3132
50751 3042
50767 3073
50783 3049
50800 3078
50816 2992
50832 2961
50849 2993
50865 2905
50882 2880
50898 2850
50914 2823
50931 2792
50947 2763
50964 2736
50980 2709
50996 2677
51013 2649
51029 2619
51046 2596
51062 2565
51078 2534
51095 2509
51111 2477
51128 2450
51144 2423
51160 2391
51177 2361
51193 2332
51210 2304
51226 2271
51242 2248
51259 2219
51275 2170
51292 2159
51308 2133
51324 2172
51341 2071
51357 2046
51373 2028
51390 1987
51406 1958
51423 1930
51439 1899
51455 1873
51472 1836
51488 1815
51505 1786
51521 1761
51537 1727
51554 1702
51570 1670
51587 1641
51603 1615
51619 1586
51636 1554
51652 1527
51669 1500
51685 1468
51701 1440
51718 1411
51734 1380
51751 1464
51767 1327
51783 1297
51800 1218
51816 1241
51832 1212
51849 1165
51865 1154
51882 1127
51898 1097
51914 1069
51931 1041
51947 1013
51964 986
51980 955
51996 918
52013 900
52029 874
52046 843
52062 817
52078 788
52095 757
52111 732
52128 704
52144 676
52160 648
52177 622
52193 594
52210 567
52226 539
52242 512
52259 482
52275 468
52292 431
52308 402
52324 345
52341 349
52357 321
52373 292
52390 268
52406 242
52423 224
52439 190
52455 164
52472 135
52488 113
52505 144
52521 164
52537 197
52554 220
52570 251
52587 275
52603 299
52619 330
52636 354
52652 379
52669 408
52685 437
52701 461
52718 490
52734 518
52751 655
52767 572
52783 599
52800 508
52816 654
52832 689
52849 663
52865 739
52882 762
52898 789
52914 822
52931 850
52947 878
52964 904
52980 932
52996 960
53013 990
53029 1019
53046 1044
53062 1074
53078 1102
53095 1130
53111 1160
53128 1189
53144 1217
53160 1245
53177 1275
53193 1298
53210 1330
53226 1357
53242 1388
53259 1417
53275 1444
53292 1472
53308 1502
53324 1408
53341 1558
53357 1588
53373 1612
53390 1646
53406 1675
53423 1701
53439 1731
53455 1760
53472 1784
53488 1819
53505 1847
53521 1873
53537 1905
53554 1929
53570 1955
53587 1991
53603 2014
53619 2047
53636 2079
53652 2104
53669 2134
53685 2163
53701 2190
53718 2221
53734 2248
53751 2271
53767 2307
53783 2335
53800 2368
53816 2390
53832 2419
53849 2490
53865 2477
53882 2506
53898 2535
53914 2561
53931 2591
53947 2618
53964 2650
53980 2678
53996 2701
54013 2732
54029 2761
54046 2790
54062 2820
54078 2847
54095 2875
54111 2898
54128 2931
54144 2958
54160 2985
54177 3014
54193 3045
54210 3070
54226 3103
54242 3128
54259 3153
54275 3190
54292 3211
54308 3234
54324 3269
54341 3294
54357 3320
54373 3341
54390 3375
54406 3401
54423 3433
54439 3458
54455 3484
54472 3513
54488 3538
54505 3564
54521 3598
54537 3620
54554 3646
54570 3677
54587 3634
54603 3606
54619 3579
54636 3550
54652 3523
54669 3495
54685 3468
54701 3441
54718 3414
54734 3385
54751 3366
54767 3329
54783 3300
54800 3263
54816 3246
54832 3219
54849 3169
54865 3161
54882 3136
54898 3107
54914 3080
54931 3048
54947 3024
54964 2990
54980 2965
54996 2939
55013 2909
55029 2881
55046 2852
55062 2826
55078 2795
55095 2766
55111 2737
55128 2708
55144 2682
55160 2655
55177 2624
55193 2596
55210 2563
55226 2531
55242 2509
55259 2482
55275 2444
55292 2424
55308 2393
55324 2309
55341 2339
55357 2308
55373 2286
55390 2250
55406 2221
55423 2201
55439 2164
55455 2134
55472 2097
55488 2077
55505 2048
55521 2016
55537 1990
55554 1963
55570 1933
55587 1904
55603 1872
55619 1847
55636 1811
55652 1791
55669 1760
55685 1729
55701 1701
55718 1676
55734 1644
55751 1629
55767 1588
55783 1556
55800 1536
55816 1503
55832 1474
55849 1448
55865 1417
55882 1388
55898 1357
55914 1330
55931 1299
55947 1271
55964 1242
55980 1217
55996 1181
56013 1159
56029 1127
56046 1100
56062 1071
56078 1045
56095 1015
56111 987
56128 958
56144 929
56160 903
56177 874
56193 847
56210 818
56226 796
56242 758
56259 734
56275 713
56292 681
56308 652
56324 569
56341 595
56357 575
56373 684
56390 512
56406 487
56423 465
56439 432
56455 407
56472 363
56488 350
56505 326
56521 293
56537 269
56554 247
56570 219
56587 194
56603 166
56619 138
56636 111
56652 141
56669 169
56685 196
56701 216
56718 249
56734 275
56751 132
56767 327
56783 355
56800 346
56816 408
56832 436
56849 458
56865 490
56882 518
56898 539
56914 571
56931 595
56947 622
56964 651
56980 682
56996 710
57013 733
57029 770
57046 791
57062 820
57078 849
57095 873
57111 901
57128 933
57144 960
57160 986
57177 1018
57193 1045
57210 1073
57226 1101
57242 1128
57259 1155
57275 1277
57292 1215
57308 1243
57324 1306
57341 1300
57357 1322
57373 1195
57390 1389
57406 1413
57423 1447
57439 1469
57455 1500
57472 1529
57488 1558
57505 1585
57521 1609
57537 1643
57554 1672
57570 1698
57587 1730
57603 1756
57619 1789
57636 1815
57652 1842
57669 1870
57685 1899
57701 1929
57718 1960
57734 1986
57751 2002
57767 2043
57783 2074
57800 2053
57816 2130
57832 2158
57849 2205
57865 2217
57882 2244
57898 2273
57914 2304
57931 2333
57947 2367
57964 2387
57980 2416
57996 2446
58013 2475
58029 2499
58046 2531
58062 2561
58078 2588
58095 2619
58111 2642
58128 2671
58144 2702
58160 2730
58177 2755
58193 2788
58210 2815
58226 2842
58242 2872
58259 2900
58275 2913
58292 2957
58308 2986
58324 3047
58341 3039
58357 3068
58373 3060
58390 3126
58406 3150
58423 3177
58439 3206
58455 3235
58472 3262
58488 3292
58505 3317
58521 3353
58537 3373
58554 3402
58570 3427
58587 3456
58603 3485
58619 3508
58636 3535
58652 3563
58669 3592
58685 3620
58701 3647
58718 3674
58734 3638
58751 3598
58767 3580
58783 3554
58800 3577
58816 3497
58832 3470
58849 3447
58865 3414
58882 3387
58898 3358
58914 3335
58931 3302
58947 3282
58964 3247
58980 3220
58996 3186
59013 3165
59029 3138
59046 3109
59062 3082
59078 3051
59095 3030
59111 2995
59128 2966
59144 2939
59160 2912
59177 2882
59193 2853
59210 2827
59226 2797
59242 2767
59259 2742
59275 2704
59292 2682
59308 2654
59324 2571
59341 2596
59357 2568
59373 2477
59390 2510
59406 2485
59423 2457
59439 2423
59455 2397
59472 2367
59488 2339
59505 2310
59521 2281
59537 2252
59554 2223
59570 2196
59587 2168
59603 2138
59619 2107
59636 2077
59652 2051
59669 2023
59685 1994
59701 1962
59718 1935
59734 1910
59751 1910
59767 1854
59783 1819
59800 1773
59816 1761
59832 1730
59849 1706
59865 1671
59882 1647
59898 1618
59914 1588
59931 1558
59947 1533
59964 1504
59980 1474
59996 1436
60013 1417
60029 1387
60046 1360
60062 1330
60078 1301
60095 1274
60111 1248
60128 1217
60144 1191
60160 1159
60177 1131
60193 1103
60210 1075
60226 1045
60242 1017
60259 986
60275 964
60292 933
60308 905
60324 858
60341 850
60357 822
60373 786
60390 768
60406 738
60423 709
60439 680
60455 652
60472 624
60488 601
60505 570
60521 538
60537 516
60554 487
60570 456
60587 435
60603 407
60619 382
60636 355
60652 329
60669 303
60685 275
60701 246
60718 224
60734 196
60751 195
60767 144
60783 114
60800 148
60816 167
60832 192
60849 224
60865 247
60882 271
60898 299
60914 325
60931 348
60947 377
60964 405
60980 431
60996 459
61013 485
61029 511
61046 544
61062 568
61078 595
61095 621
61111 647
61128 678
61144 702
61160 736
61177 759
61193 788
61210 816
61226 845
61242 871
61259 900
61275 921
61292 957
61308 986
61324 1063
61341 1042
61357 1068
61373 1110
61390 1127
61406 1153
61423 1183
61439 1209
61455 1240
61472 1267
61488 1295
61505 1324
61521 1357
61537 1379
61554 1412
61570 1437
61587 1467
61603 1498
61619 1524
61636 1553
61652 1580
61669 1606
61685 1636
61701 1666
61718 1696
61734 1722
61751 1733
61767 1777
61783 1808
61800 1833
61816 1864
61832 1893
61849 2018
61865 1949
61882 1983
61898 2010
61914 2039
61931 2068
61947 2095
61964 2126
61980 2154
61996 2181
62013 2212
62029 2240
62046 2269
62062 2296
62078 2325
62095 2353
62111 2384
62128 2412
62144 2442
62160 2467
62177 2498
62193 2527
62210 2555
62226 2581
62242 2613
62259 2640
62275 2696
62292 2698
62308 2723
62324 2821
62341 2782
62357 2810
62373 2915
62390 2867
62406 2896
62423 2925
62439 2951
62455 2979
62472 3008
62488 3033
62505 3065
62521 3096
62537 3123
62554 3149
62570 3175
62587 3207
62603 3230
62619 3259
62636 3284
62652 3312
62669 3341
62685 3369
62701 3400
62718 3424
62734 3453
62751 3487
62767 3507
62783 3531
62800 3528
62816 3589
62832 3616
62849 3698
62865 3670
62882 3636
62898 3609
62914 3583
62931 3555
62947 3525
62964 3500
62980 3474
62996 3433
63013 3419
63029 3391
63046 3389
63062 3336
63078 3307
63095 3280
63111 3253
63128 3228
63144 3197
63160 3169
63177 3139
63193 3112
63210 3083
63226 3057
63242 3026
63259 3000
63275 2886
63292 2943
63308 2916
63324 2857
63341 2857
63357 2832
63373 2670
63390 2770
63406 2745
63423 2723
63439 2685
63455 2660
63472 2630
63488 2601
63505 2575
63521 2541
63537 2515
63554 2487
63570 2457
63587 2429
63603 2393
63619 2379
63636 2343
63652 2315
63669 2285
63685 2254
63701 2226
63718 2199
63734 2167
63751 2135
63767 2113
63783 2084
63800 1928
63816 2028
63832 1994
63849 1897
63865 1938
63882 1913
63898 1881
63914 1853
63931 1825
63947 1785
63964 1768
63980 1738
63996 1708
64013 1679
64029 1656
64046 1604
64062 1594
64078 1564
64095 1536
64111 1507
64128 1478
64144 1449
64160 1419
64177 1396
64193 1365
64210 1336
64226 1305
64242 1277
64259 1249
64275 1179
64292 1192
64308 1163
64324 1023
64341 1104
64357 1078
64373 1024
64390 1021
64406 990
64423 965
64439 934
64455 904
64472 888
64488 851
64505 822
64521 793
64537 770
64554 739
64570 708
64587 685
64603 657
64619 629
64636 603
64652 574
64669 548
64685 518
64701 492
64718 467
64734 437
64751 419
64767 385
64783 356
64800 330
64816 306
64832 278
64849 154
64865 224
64882 197
64898 174
64914 147
64931 119
64947 136
64964 159
64980 191
64996 212
65013 240
65029 268
65046 291
65062 324
65078 347
65095 376
65111 403
65128 429
65144 454
65160 484
65177 511
65193 537
65210 563
65226 588
65242 618
65259 648
65275 530
65292 701
65308 730
65324 741
65341 785
65357 811
65373 814
65390 869
65406 895
65423 926
65439 953
65455 979
65472 1016
65488 1040
65505 1066
65521 1105
65537 1122
65554 1150
65570 1180
65587 1208
65603 1234
65619 1261
65636 1293
65652 1322
65669 1350
65685 1387
65701 1408
65718 1435
65734 1465
65751 1486
65767 1522
65783 1551
65800 1573
65816 1607
65832 1639
65849 1675
65865 1693
65882 1721
65898 1752
65914 1781
65931 1803
65947 1838
65964 1867
65980 1895
65996 1926
66013 1951
66029 1982
66046 2008
66062 2038
66078 2067
66095 2094
66111 2121
66128 2155
66144 2180
66160 2211
66177 2242
66193 2266
66210 2295
66226 2327
66242 2357
66259 2382
66275 2214
66292 2446
66308 2469
66324 2489
66341 2524
66357 2552
66373 2613
66390 2614
66406 2639
66423 2678
66439 2696
66455 2723
66472 2750
66488 2781
66505 2810
66521 2837
66537 2865
66554 2895
66570 2924
66587 2953
66603 2979
66619 3009
66636 3035
66652 3063
66669 3092
66685 3118
66701 3143
66718 3169
66734 3200
66751 3230
66767 3257
66783 3286
66800 3310
66816 3341
66832 3364
66849 3466
66865 3420
66882 3451
66898 3476
66914 3506
66931 3530
66947 3556
66964 3585
66980 3615
66996 3639
67013 3668
67029 3640
67046 3620
67062 3586
67078 3558
67095 3529
67111 3505
67128 3476
67144 3447
67160 3423
67177 3390
