2 1870
55 1899
71 1917
88 1937
104 1952
121 1970
137 1983
153 2004
170 2021
186 2041
203 2058
219 2076
235 2092
252 2110
268 2130
285 2143
301 2167
317 2185
334 2202
350 2219
366 2243
383 2253
399 2272
416 2180
432 2311
448 2327
465 2416
481 2360
498 2379
514 2400
530 2416
547 2431
563 2450
580 2469
596 2486
612 2506
629 2523
645 2538
662 2557
678 2574
694 2596
711 2609
727 2627
744 2646
760 2661
776 2681
793 2701
809 2718
825 2733
842 2789
858 2767
875 2787
891 2796
907 2820
924 2839
940 2832
957 2872
973 2891
991 2893
1007 2928
1023 2946
1040 2948
1056 2980
1073 2997
1089 3013
1105 3033
1122 3051
1138 3068
1154 3086
1171 3103
1187 3112
1204 3136
1220 3153
1236 3174
1253 3189
1269 3207
1286 3223
1302 3240
1318 3255
1335 3275
1351 3290
1368 3312
1384 3327
1400 3345
1417 3321
1433 3378
1450 3394
1466 3461
1482 3429
1499 3447
1515 3454
1532 3480
1548 3495
1564 3513
1581 3532
1597 3550
1613 3568
1630 3585
1646 3598
1663 3617
1679 3633
1695 3646
1712 3662
1728 3621
1745 3556
1761 3486
1777 3420
1794 3350
1810 3277
1827 3209
1843 3139
1859 3067
1876 2997
1892 2938
1909 2852
1925 2786
1941 2703
1958 2640
1974 2571
1997 2474
2013 2403
2029 2331
2046 2256
2062 2180
2079 2113
2095 2039
2111 1967
2128 1901
2144 1823
2161 1751
2177 1678
2193 1606
2210 1538
2226 1460
2243 1394
2259 1321
2275 1246
2292 1134
2308 1104
2325 1033
2341 1050
2357 892
2374 821
2390 741
2406 682
2423 612
2439 544
2456 477
2472 413
2488 335
2505 275
2521 211
2538 145
2554 153
2570 173
2587 186
2603 211
2620 220
2636 239
2652 252
2669 273
2685 287
2702 307
2718 320
2734 336
2751 356
2767 371
2784 391
2800 404
2816 418
2833 441
2849 454
2865 454
2882 489
2898 505
2915 534
2931 543
2947 557
2964 569
2980 593
2998 610
3014 624
3031 645
3047 661
3063 679
3080 693
3096 714
3113 738
3129 747
3145 768
3162 783
3178 796
3194 818
3211 834
3227 853
3244 869
3260 886
3276 900
3293 924
3309 939
3326 949
3342 955
3358 990
3375 1008
3391 928
3408 1042
3424 1061
3440 1189
3457 1098
3473 1113
3490 1131
3506 1151
3522 1169
3539 1179
3555 1203
3572 1220
3588 1241
3604 1258
3621 1274
3637 1290
3653 1308
3670 1329
3686 1346
3703 1363
3719 1380
3735 1400
3752 1414
3768 1434
3785 1454
3801 1469
3817 1489
3834 1505
3850 1520
3867 1535
3883 1556
3899 1571
3916 1674
3932 1609
3949 1629
3965 1460
3981 1663
3999 1683
4015 1688
4032 1721
4048 1736
4064 1752
4081 1773
4097 1790
4114 1812
4130 1828
4146 1844
4163 1862
4179 1879
4196 1902
4212 1915
4228 1935
4245 1952
4261 1964
4278 1989
4294 2006
4310 2023
4327 2041
4343 2057
4360 2076
4376 2094
4392 2115
4409 2132
4425 2151
4441 2169
4458 2189
4474 2203
4491 2172
4507 2239
4523 2258
4540 2264
4556 2293
4573 2309
4589 2325
4605 2345
4622 2362
4638 2378
4655 2402
4671 2414
4687 2434
4704 2449
4720 2470
4737 2485
4753 2506
4769 2520
4786 2542
4802 2557
4819 2574
4835 2586
4851 2606
4868 2625
4884 2644
4900 2661
4917 2647
4933 2698
4950 2718
4966 2738
4984 2756
5001 2773
5017 2789
5033 2809
5050 2825
5066 2779
5083 2861
5099 2876
5115 2898
5132 2912
5148 2933
5164 2947
5181 2965
5197 2982
5214 3006
5230 3016
5246 3034
5263 3049
5279 3071
5296 3088
5312 3104
5328 3123
5345 3137
5361 3158
5378 3175
5394 3190
5410 3211
5427 3227
5443 3245
5460 3260
5476 3277
5492 3299
5509 3313
5525 3331
5542 3345
5558 3365
5574 3387
5591 3465
5607 3416
5623 3432
5640 3461
5656 3467
5673 3483
5689 3501
5705 3517
5722 3537
5738 3553
5755 3568
5771 3584
5787 3603
5804 3620
5820 3639
5837 3653
5853 3672
5869 3613
5886 3544
5902 3476
5919 3404
5935 3338
5951 3267
5968 3197
5986 3117
6002 3047
6019 2977
6035 2906
6052 2834
6068 2765
6084 2693
6101 2622
6117 2549
6134 2479
6150 2407
6166 2319
6183 2265
6199 2190
6216 2057
6232 2045
6248 1973
6265 1738
6281 1828
6297 1754
6314 1684
6330 1613
6347 1539
6363 1470
6379 1395
6396 1323
6412 1241
6429 1182
6445 1116
6461 1039
6478 967
6494 897
6511 827
6527 759
6543 686
6560 617
6576 551
6593 482
6609 415
6625 347
6642 273
6658 212
6675 151
6691 235
6707 170
6724 190
6740 223
6756 224
6773 239
6789 256
6806 268
6822 289
6838 301
6855 323
6871 339
6888 357
6904 371
6920 386
6937 404
6953 416
6970 435
6987 453
7004 476
7020 488
7036 509
7053 522
7069 539
7085 565
7102 571
7118 588
7135 604
7151 623
7167 640
7184 661
7200 674
7217 655
7233 709
7249 722
7266 720
7282 762
7299 776
7315 838
7331 813
7348 829
7364 852
7381 866
7397 883
7413 903
7430 919
7446 940
7463 966
7479 972
7495 983
7512 1007
7528 1025
7544 1041
7561 1061
7577 1080
7594 1096
7610 1115
7626 1134
7643 1147
7659 1163
7676 1183
7692 1197
7708 1220
7725 1240
7741 1261
7758 1275
7774 1292
7790 1309
7807 1328
7823 1346
7840 1364
7856 1382
7872 1398
7889 1412
7905 1428
7922 1453
7938 1469
7954 1488
7971 1503
7991 1610
8007 1546
8024 1560
8040 1582
8057 1594
8073 1616
8089 1638
8106 1651
8122 1669
8138 1673
8155 1705
8171 1722
8188 1739
8204 1758
8220 1776
8237 1795
8253 1812
8270 1832
8286 1848
8302 1862
8319 1878
8335 1901
8352 1919
8368 1940
8384 1956
8401 1972
8417 1990
8434 2009
8450 2027
8466 2034
8483 2063
8499 2082
8516 2085
8532 2114
8548 2133
8565 2176
8581 2170
8597 2186
8614 2206
8630 2223
8647 2239
8663 2258
8679 2271
8696 2294
8712 2318
8729 2327
8745 2347
8761 2361
8778 2381
8794 2403
8811 2419
8827 2438
8843 2454
8860 2471
8876 2489
8893 2505
8909 2527
8925 2545
8942 2681
8958 2578
8975 2595
8992 2614
9008 2632
9025 2649
9041 2670
9058 2685
9074 2703
9090 2687
9107 2738
9123 2754
9140 2775
9156 2793
9172 2807
9189 2838
9205 2846
9222 2862
9238 2874
9254 2897
9271 2915
9287 2936
9304 2952
9320 2968
9336 2988
9353 3006
9369 3019
9385 3039
9402 3054
9418 3071
9435 3091
9451 3110
9467 3125
9484 3144
9500 3159
9517 3258
9533 3193
9549 3211
9566 3226
9582 3244
9599 3261
9615 3281
9631 3297
9648 3314
9664 3333
9681 3347
9697 3365
9713 3379
9730 3403
9746 3416
9763 3437
9779 3448
9795 3460
9812 3483
9828 3502
9844 3519
9861 3532
9877 3549
9894 3569
9910 3585
9926 3601
9943 3618
9959 3638
9976 3649
9999 3675
10016 3660
10032 3508
10048 3438
10065 3377
10081 3299
10098 3229
10114 3162
10130 3087
10147 3024
10163 2949
10179 2878
10196 2809
10212 2743
10229 2662
10245 2591
10261 2520
10278 2448
10294 2376
10311 2300
10327 2231
10343 2160
10360 2086
10376 2010
10393 1944
10409 1869
10425 1796
10442 1719
10458 1652
10475 1582
10491 1515
10507 1438
10524 1369
10540 1218
10557 1221
10573 1152
10589 1078
10606 1011
10622 935
10638 856
10655 797
10671 729
10688 665
10704 588
10720 519
10737 454
10753 384
10770 319
10786 253
10802 185
10819 119
10835 152
10852 172
10868 187
10884 208
10901 224
10917 240
10934 256
10950 274
10966 254
10984 305
11000 326
11017 477
11033 360
11049 374
11066 381
11082 407
11099 425
11115 442
11131 455
11148 476
11164 490
11181 509
11197 528
11213 542
11230 567
11246 580
11263 598
11279 618
11295 630
11312 649
11328 663
11345 683
11361 698
11377 716
11394 733
11410 757
11426 769
11443 784
11459 801
11476 817
11492 839
11508 857
11525 872
11541 827
11558 909
11574 924
11590 913
11607 960
11623 979
11640 1056
11656 1012
11672 1027
11689 1041
11705 1064
11722 1084
11738 1107
11754 1120
11771 1137
11787 1154
11804 1172
11820 1188
11836 1212
11853 1226
11869 1245
11885 1260
11902 1277
11918 1297
11935 1311
11951 1333
11967 1352
11985 1367
12001 1387
12018 1402
12034 1421
12051 1437
12067 1461
12083 1475
12100 1494
12116 1510
12133 1525
12149 1542
12165 1547
12182 1591
12198 1599
12214 1700
12231 1633
12247 1651
12264 1667
12280 1689
12296 1706
12313 1723
12329 1743
12346 1759
12362 1783
12378 1795
12395 1811
12411 1832
12428 1848
12444 1866
12460 1887
12477 1902
12493 1920
12510 1939
12526 1955
12542 1974
12559 1993
12575 2009
12592 1997
12608 2044
12624 2060
12641 2075
12657 2099
12673 2117
12690 2108
12706 2150
12723 2173
12739 2187
12755 2209
12772 2222
12788 2243
12805 2261
12821 2278
12837 2294
12854 2313
12870 2329
12887 2347
12903 2362
12919 2384
12936 2401
12952 2422
12969 2435
12987 2446
13004 2475
13020 2495
13037 2510
13053 2530
13069 2547
13086 2563
13102 2585
13119 2603
13135 2618
13151 2636
13168 2654
13184 2673
13200 2691
13217 2708
13233 2727
13250 2746
13266 2753
13282 2778
13299 2796
13315 2814
13332 2831
13348 2847
13364 2870
13381 2887
13397 2902
13414 2920
13430 2938
13446 2956
13463 2972
13479 2989
13496 3006
13512 3032
13528 3042
13545 3060
13561 3078
13578 3093
13594 3113
13610 3130
13627 3149
13643 3164
13659 3183
13676 3198
13692 3218
13709 3233
13725 3253
13741 3352
13758 3286
13774 3301
13791 3319
13807 3335
13823 3356
13840 3449
13856 3389
13873 3405
13889 3424
13905 3440
13922 3454
13938 3463
13955 3493
13971 3507
13988 3531
14005 3543
14021 3559
14038 3574
14054 3593
14070 3608
14087 3625
14103 3644
14120 3662
14136 3677
14152 3582
14169 3519
14185 3444
14202 3379
14218 3304
14234 3239
14251 3165
14267 3099
14284 3028
14300 2957
14316 3131
14333 2817
14349 2744
14366 2655
14382 2599
14398 2529
14415 2426
14431 2384
14447 2315
14464 2244
14480 2170
14497 2097
14513 2032
14529 1954
14546 1881
14562 1799
14579 1736
14595 1666
14611 1591
14628 1522
14644 1450
14661 1373
14677 1305
14693 1232
14710 1162
14726 1090
14743 1018
14759 946
14775 875
14792 807
14808 737
14825 672
14841 610
14857 532
14874 465
14890 385
14906 329
14923 270
14939 190
14956 131
14972 160
14993 178
15010 204
15026 213
15042 231
15059 249
15075 258
15092 311
15108 297
15124 312
15141 299
15157 348
15174 358
15190 403
15206 396
15223 409
15239 435
15255 444
15272 460
15288 466
15305 494
15321 514
15337 530
15354 548
15370 567
15387 582
15403 598
15419 615
15436 632
15452 652
15469 668
15485 684
15501 700
15518 719
15534 737
15551 757
15567 770
15583 792
15600 808
15616 816
15633 839
15649 862
15665 884
15682 898
15698 912
15714 965
15731 947
15747 965
15764 986
15780 1000
15796 1019
15813 1036
15829 1054
15846 1071
15862 1077
15878 1105
15895 1123
15911 1147
15928 1159
15944 1173
15960 1197
15977 1210
15994 1230
16011 1250
16027 1267
16043 1283
16060 1302
16076 1312
16093 1336
16109 1353
16125 1370
16142 1383
16158 1407
16175 1426
16191 1453
16207 1460
16224 1478
16240 1393
16257 1514
16273 1531
16289 1548
16306 1564
16322 1585
16339 1605
16355 1623
16371 1643
16388 1657
16404 1674
16420 1696
16437 1707
16453 1731
16470 1747
16486 1764
16502 1782
16519 1799
16535 1817
16552 1837
16568 1853
16584 1872
16601 1888
16617 1905
16634 1928
16650 1944
16666 1967
16683 1982
16699 1997
16716 2016
16732 2034
16748 2050
16765 2108
16781 2087
16798 2104
16814 2124
16830 2142
16847 2156
16863 2176
16879 2193
16896 2214
16912 2227
16929 2246
16945 2266
16961 2283
16978 2302
16995 2321
17012 2358
17028 2356
17045 2372
17061 2393
17077 2408
17094 2429
17110 2441
17126 2457
17143 2480
17159 2496
17176 2514
17192 2528
17208 2549
17225 2564
17241 2658
17258 2603
17274 2620
17290 2732
17307 2656
17323 2673
17340 2719
17356 2710
17372 2726
17389 2748
17405 2763
17422 2782
17438 2797
17454 2816
17471 2835
17487 2857
17504 2867
17520 2886
17536 2907
17553 2923
17569 2938
17585 2957
17602 2973
17618 2988
17635 3011
17651 3025
17667 3043
17684 3063
17700 3079
17717 3089
17733 3117
17749 3132
17766 3156
17782 3165
17799 3183
17815 3199
17831 3219
17848 3234
17864 3255
17881 3270
17897 3287
17913 3311
17930 3321
17946 3335
17963 3350
17979 3373
17995 3388
18012 3398
18028 3422
18045 3438
18061 3452
18077 3472
18094 3490
18110 3504
18127 3522
18143 3538
18159 3556
18176 3574
18192 3588
18209 3609
18225 3623
18241 3641
18258 3660
18274 3674
18290 3588
18307 3515
18323 3446
18340 3338
18356 3308
18372 3236
18389 3158
18405 3100
18422 3027
18438 2954
18454 2884
18471 2816
18487 2738
18504 2673
18520 2597
18536 2526
18553 2456
18569 2385
18586 2311
18602 2238
18618 2167
18635 2093
18651 2025
18668 1950
18684 1876
18700 1808
18717 1728
18733 1662
18749 1589
18766 1516
18782 1443
18799 1380
18815 1304
18831 1231
18848 1162
18864 1087
18881 1020
18897 946
18913 884
18930 800
18946 737
18963 667
18979 600
18995 530
19012 466
19028 397
19045 329
19061 262
19077 196
19094 128
19110 158
19127 177
19143 192
19159 210
19176 219
19192 239
19209 259
19225 273
19241 301
19258 309
19274 326
19290 343
19307 361
19323 376
19340 410
19356 407
19372 429
19389 439
19405 459
19422 474
19438 503
19454 507
19471 530
19487 540
19504 563
19520 578
19536 597
19553 617
19569 628
19586 648
19602 662
19618 681
19635 699
19651 716
19668 732
19684 751
19700 765
19717 783
19733 807
19749 818
19766 828
19782 854
19799 871
19815 890
19831 906
19848 925
19864 922
19881 958
19897 975
19913 999
19930 1011
19946 1030
19963 1049
19979 1066
19995 1082
20012 1108
20028 1117
20045 1135
20061 1155
20077 1169
20094 1188
20110 1207
20127 1220
20143 1239
20159 1258
20176 1276
20192 1294
20209 1313
20225 1329
20241 1358
20258 1366
20274 1382
20290 1360
20307 1420
20323 1437
20340 1451
20356 1468
20372 1491
20389 1505
20405 1527
20422 1542
20438 1564
20454 1582
20471 1598
20487 1612
20504 1632
20520 1649
20536 1666
20553 1685
20569 1703
20586 1720
20602 1742
20618 1756
20635 1776
20651 1792
20668 1812
20684 1831
20700 1848
20717 1864
20733 1882
20749 1898
20766 1927
20782 1939
20799 1955
20815 1971
20831 1992
20848 2005
20864 2027
20881 2044
20897 2061
20913 2086
20930 2097
20946 2118
20963 2128
20979 2147
20995 2167
21012 2190
21028 2205
21045 2224
21061 2238
21077 2256
21094 2272
21110 2291
21127 2304
21143 2330
21159 2345
21176 2365
21192 2381
21209 2394
21225 2417
21241 2427
21258 2454
21274 2472
21290 2411
21307 2507
21323 2525
21340 2542
21356 2560
21372 2574
21389 2600
21405 2614
21422 2627
21438 2649
21454 2669
21471 2682
21487 2700
21504 2721
21520 2733
21536 2754
21553 2771
21569 2788
21586 2806
21602 2824
21618 2840
21635 2859
21651 2878
21668 2895
21684 2911
21700 2931
21717 2950
21733 2963
21749 2982
21766 2960
21782 3015
21799 3035
21815 3053
21831 3066
21848 3088
21864 3283
21881 3117
21897 3138
21913 3161
21930 3172
21946 3192
21963 3191
21979 3223
21995 3241
22012 3254
22028 3276
22045 3293
22061 3318
22077 3330
22094 3347
22110 3365
22127 3379
22143 3395
22159 3414
22176 3432
22192 3450
22209 3467
22225 3480
22241 3350
22258 3520
22274 3535
22290 3585
22307 3568
22323 3585
22340 3599
22356 3619
22372 3635
22389 3653
22405 3668
22422 3621
22438 3548
22454 3475
22471 3410
22487 3340
22504 3270
22520 3202
22536 3129
22553 3057
22569 2991
22586 2918
22602 2853
22618 2777
22635 2706
22651 2633
22668 2564
22684 2484
22700 2422
22717 2344
22733 2275
22749 2207
22766 2069
22782 2058
22799 1985
22815 1914
22831 1843
22848 1770
22864 1723
22881 1624
22897 1553
22913 1487
22930 1410
22946 1334
22963 1265
22979 1193
22995 1120
23012 1042
23028 978
23045 907
23061 837
23077 767
23094 695
23110 628
23127 558
23143 493
23159 422
23176 354
23192 288
23209 225
23225 155
23241 192
23258 163
23274 184
23290 184
23307 215
23323 235
23340 262
23356 267
23372 282
23389 301
23405 315
23422 333
23438 350
23454 363
23471 384
23487 404
23504 416
23520 432
23536 452
23553 466
23569 486
23586 502
23602 517
23618 531
23635 554
23651 572
23668 587
23684 604
23700 619
23717 637
23733 657
23749 673
23766 719
23782 706
23799 726
23815 742
23831 762
23848 775
23864 799
23881 812
23897 829
23913 848
23930 862
23946 880
23963 895
23979 917
23995 934
24012 953
24028 965
24045 986
24061 1006
24077 1022
24094 1041
24110 1060
24127 1073
24143 1094
24159 1106
24176 1122
24192 1144
24209 1160
24225 1181
24241 1180
24258 1212
24274 1233
24290 1256
24307 1270
24323 1286
24340 1305
24356 1323
24372 1342
24389 1360
24405 1376
24422 1394
24438 1401
24454 1430
24471 1450
24487 1455
24504 1483
24520 1498
24536 1520
24553 1536
24569 1556
24586 1571
24602 1589
24618 1608
24635 1623
24651 1640
24668 1660
24684 1677
24700 1697
24717 1716
24733 1732
24749 1746
24766 1746
24782 1785
24799 1802
24815 1822
24831 1838
24848 1857
24864 1861
24881 1892
24897 1907
24913 1932
24930 1946
24946 1966
24963 1985
24979 2002
24995 2018
25012 2033
25028 2054
25045 2073
25061 2089
25077 2106
25094 2120
25110 2140
25127 2160
25143 2179
25159 2196
25176 2216
25192 2229
25209 2255
25225 2268
25241 2258
25258 2305
25274 2322
25290 2330
25307 2356
25323 2373
25340 2376
25356 2414
25372 2428
25389 2446
25405 2463
25422 2480
25438 2498
25454 2517
25471 2536
25487 2544
25504 2571
25520 2590
25536 2606
25553 2624
25569 2642
25586 2659
25602 2679
25618 2694
25635 2713
25651 2728
25668 2747
25684 2764
25700 2785
25717 2797
25733 2820
25749 2834
25766 2858
25782 2872
25799 2888
25815 2905
25831 2924
25848 2943
25864 2958
25881 2980
25897 2995
25913 3011
25930 3031
25946 3047
25963 3062
25979 3082
25995 3096
26012 3105
26028 3134
26045 3149
26061 3166
26077 3185
26094 3202
26110 3221
26127 3236
26143 3254
26159 3270
26176 3285
26192 3304
26209 3325
26225 3338
26241 3369
26258 3372
26274 3393
26290 3408
26307 3427
26323 3441
26340 3426
26356 3476
26372 3494
26389 3510
26405 3530
26422 3545
26438 3570
26454 3578
26471 3596
26487 3610
26504 3632
26520 3647
26536 3663
26553 3677
26569 3576
26586 3505
26602 3442
26618 3368
26635 3299
26651 3227
26668 3160
26684 3091
26700 3019
26717 2950
26733 2879
26749 2804
26766 2734
26782 2662
26799 2594
26815 2516
26831 2449
26848 2377
26864 2305
26881 2232
26897 2161
26913 2089
26930 2017
26946 1941
26963 1872
26979 1798
26995 1725
27012 1656
27028 1581
27045 1512
27061 1437
27077 1367
27094 1297
27110 1224
27127 1154
27143 1079
27159 1011
27176 940
27192 867
27209 803
27225 726
27241 657
27258 588
27274 522
27290 542
27307 385
27323 318
27340 117
27356 187
27372 119
27389 162
27405 179
27422 196
27438 208
27454 227
27471 247
27487 257
27504 282
27520 293
27536 311
27553 327
27569 351
27586 358
27602 377
27618 392
27635 407
27651 429
27668 445
27684 461
27700 476
27717 491
27733 512
27749 528
27766 514
27782 563
27799 580
27815 596
27831 617
27848 628
27864 925
27881 666
27897 683
27913 704
27930 716
27946 735
27963 755
27979 767
27995 787
28012 813
28028 822
28045 839
28061 857
28077 875
28094 892
28110 911
28127 924
28143 945
28159 961
28176 982
28192 995
28209 1015
28225 1031
28241 1050
28258 1069
28274 1083
28290 1086
28307 1121
28323 1138
28340 1164
28356 1174
28372 1190
28389 1213
28405 1226
28422 1242
28438 1264
28454 1277
28471 1297
28487 1297
28504 1332
28520 1348
28536 1407
28553 1383
28569 1400
28586 1419
28602 1436
28618 1452
28635 1475
28651 1491
28668 1504
28684 1525
28700 1542
28717 1564
28733 1582
28749 1600
28766 1489
28782 1632
28799 1658
28815 1670
28831 1688
28848 1705
28864 1673
28881 1738
28897 1761
28913 1792
28930 1795
28946 1809
28963 1832
28979 1849
28995 1866
29012 1882
29028 1901
29045 1920
29061 1936
29077 1955
29094 1973
29110 1988
29127 2010
29143 2024
29159 2046
29176 2063
29192 2080
29209 2101
29225 2117
29241 2131
29258 2154
29274 2171
29290 2199
29307 2208
29323 2223
29340 2342
29356 2259
29372 2279
29389 2283
29405 2314
29422 2332
29438 2365
29454 2368
29471 2386
29487 2403
29504 2418
29520 2443
29536 2451
29553 2474
29569 2496
29586 2508
29602 2526
29618 2546
29635 2563
29651 2581
29668 2599
29684 2616
29700 2635
29717 2651
29733 2668
29749 2686
29766 2699
29782 2723
29799 2742
29815 2758
29831 2774
29848 2793
29864 2834
29881 2832
29897 2845
29913 2867
29930 2881
29946 2896
29963 2927
29979 2932
29995 2949
30012 2973
30028 2984
30045 3003
30061 3023
30077 3039
30094 3052
30110 3072
30127 3089
30143 3107
30159 3122
30176 3141
30192 3155
30209 3180
30225 3193
30241 3210
30258 3226
30274 3246
30290 3261
30307 3281
30323 3299
30340 3313
30356 3334
30372 3347
30389 3361
30405 3384
30422 3405
30438 3417
30454 3433
30471 3453
30487 3462
30504 3484
30520 3502
30536 3523
30553 3534
30569 3550
30586 3569
30602 3588
30618 3603
30635 3620
30651 3632
30668 3652
30684 3668
30700 3609
30717 3536
30733 3467
30749 3396
30766 3596
30782 3258
30799 3192
30815 3120
30831 3049
30848 2980
30864 2884
30881 2836
30897 2767
30913 2698
30930 2622
30946 2554
30963 2485
30979 2405
30995 2336
31012 2277
31028 2191
31045 2119
31061 2047
31077 1971
31094 1900
31110 1831
31127 1757
31143 1684
31159 1610
31176 1544
31192 1470
31209 1397
31225 1325
31241 1248
31258 1180
31274 1110
31290 1050
31307 969
31323 897
31340 886
31356 757
31372 690
31389 622
31405 548
31422 477
31438 413
31454 349
31471 283
31487 210
31504 149
31520 152
31536 160
31553 186
31569 203
31586 220
31602 240
31618 252
31635 270
31651 286
31668 302
31684 323
31700 338
31717 352
31733 372
31749 384
31766 442
31782 420
31799 439
31815 455
31831 472
31848 490
31864 525
31881 523
31897 542
31913 564
31930 574
31946 592
31963 606
31979 625
31995 643
32012 669
32028 677
32045 695
32061 705
32077 728
32094 743
32110 760
32127 781
32143 799
32159 812
32176 832
32192 848
32209 864
32225 886
32241 904
32258 919
32274 934
32290 946
32307 971
32323 986
32340 1010
32356 1023
32372 1042
32389 1069
32405 1080
32422 1091
32438 1097
32454 1131
32471 1144
32487 1162
32504 1185
32520 1201
32536 1222
32553 1234
32569 1254
32586 1272
32602 1289
32618 1305
32635 1326
32651 1344
32668 1360
32684 1376
32700 1394
32717 1410
32733 1431
32749 1446
32766 1481
32782 1484
32799 1503
32815 1520
32831 1538
32848 1556
32864 1602
32881 1589
32897 1609
32913 1634
32930 1643
32946 1659
32963 1668
32979 1698
32995 1716
33012 1738
33028 1751
33045 1772
33061 1790
33077 1807
33094 1825
33110 1843
33127 1857
33143 1878
33159 1894
33176 1913
33192 1928
33209 1947
33225 1967
33241 1987
33258 2004
33274 2021
33290 2042
33307 2056
33323 2073
33340 2000
33356 2109
33372 2128
33389 2240
33405 2164
33422 2182
33438 2202
33454 2216
33471 2233
33487 2248
33504 2272
33520 2286
33536 2310
33553 2324
33569 2344
33586 2361
33602 2377
33618 2393
33635 2413
33651 2430
33668 2449
33684 2467
33700 2485
33717 2502
33733 2521
33749 2539
33766 2559
33782 2573
33799 2591
33815 2610
33831 2627
33848 2643
33864 2636
33881 2680
33897 2696
33913 2711
33930 2733
33946 2750
33963 2767
33979 2785
33995 2801
34012 2823
34028 2839
34045 2855
34061 2873
34077 2893
34094 2907
34110 2925
34127 2942
34143 2960
34159 2978
34176 2997
34192 3012
34209 3033
34225 3049
34241 3064
34258 3085
34274 3100
34290 3186
34307 3137
34323 3152
34340 3161
34356 3186
34372 3202
34389 2998
34405 3240
34422 3258
34438 3269
34454 3291
34471 3307
34487 3328
34504 3341
34520 3358
34536 3366
34553 3390
34569 3409
34586 3427
34602 3446
34618 3464
34635 3481
34651 3496
34668 3514
34684 3529
34700 3544
34717 3562
34733 3582
34749 3595
34766 3603
34782 3631
34799 3647
34815 3662
34831 3680
34848 3568
34864 3520
34881 3433
34897 3360
34913 3278
34930 3221
34946 3150
34963 3078
34979 3010
34995 2938
35012 2870
35028 2796
35045 2727
35061 2655
35077 2584
35094 2509
35110 2440
35127 2367
35143 2298
35159 2227
35176 2150
35192 2079
35209 2007
35225 1937
35241 1866
35258 1790
35274 1714
35290 1609
35307 1575
35323 1501
35340 1524
35356 1354
35372 1288
35389 1154
35405 1145
35422 1074
35438 982
35454 931
35471 861
35487 784
35504 721
35520 647
35536 587
35553 512
35569 447
35586 372
35602 308
35618 241
35635 179
35651 112
35668 161
35684 187
35700 199
35717 213
35733 232
35749 245
35766 314
35782 282
35799 297
35815 313
35831 329
35848 349
35864 358
35881 377
35897 395
35913 410
35930 430
35946 446
35963 464
35979 480
35995 498
36012 515
36028 533
36045 551
36061 562
36077 580
36094 597
36110 616
36127 631
36143 647
36159 667
36176 683
36192 701
36209 718
36225 736
36241 754
36258 768
36274 790
36290 794
36307 820
36323 840
36340 937
36356 876
36372 894
36389 840
36405 930
36422 942
36438 963
36454 979
36471 999
36487 1016
36504 1035
36520 1052
36536 1074
36553 1087
36569 1105
36586 1118
36602 1139
36618 1156
36635 1175
36651 1189
36668 1215
36684 1226
36700 1247
36717 1264
36733 1283
36749 1299
36766 1206
36782 1335
36799 1352
36815 1369
36831 1389
36848 1401
36864 1426
36881 1444
36897 1461
36913 1476
36930 1495
36946 1516
36963 1531
36979 1550
36995 1564
37012 1582
37028 1602
37045 1619
37061 1638
37077 1655
37094 1672
37110 1689
37127 1711
37143 1722
37159 1741
37176 1759
37192 1779
37209 1798
37225 1815
37241 1832
37258 1850
37274 1869
37290 1889
37307 1904
37323 1922
37340 1892
37356 1958
37372 1978
37389 1985
37405 2012
37422 2031
37438 2045
37454 2068
37471 2084
37487 2100
37504 2119
37520 2137
37536 2153
37553 2174
37569 2190
37586 2211
37602 2228
37618 2245
37635 2262
37651 2279
37668 2297
37684 2318
37700 2335
37717 2351
37733 2370
37749 2387
37766 2363
37782 2425
37799 2440
37815 2458
37831 2479
37848 2496
37864 2516
37881 2528
37897 2548
37913 2565
37930 2584
37946 2600
37963 2630
37979 2635
37995 2652
38012 2669
38028 2690
38045 2710
38061 2723
38077 2744
38094 2760
38110 2780
38127 2796
38143 2815
38159 2832
38176 2849
38192 2873
38209 2883
38225 2898
38241 2919
38258 2936
38274 2955
38290 2967
38307 2990
38323 3003
38340 2917
38356 3041
38372 3058
38389 3085
38405 3094
38422 3110
38438 3128
38454 3143
38471 3162
38487 3177
38504 3196
38520 3216
38536 3233
38553 3249
38569 3268
38586 3283
38602 3301
38618 3318
38635 3335
38651 3353
38668 3366
38684 3385
38700 3404
38717 3416
38733 3438
38749 3455
38766 3481
38782 3488
38799 3504
38815 3521
38831 3539
38848 3555
38864 3574
38881 3590
38897 3600
38913 3623
38930 3640
38946 3676
38963 3671
38979 3596
38995 3507
39012 3457
39028 3385
39045 3321
39061 3249
39077 3176
39094 3115
39110 3034
39127 2968
39143 2899
39159 2827
39176 2752
39192 2684
39209 2609
39225 2530
39241 2467
39258 2393
39274 2325
39290 2252
39307 2181
39323 2107
39340 2039
39356 1961
39372 1891
39389 1816
39405 1748
39422 1674
39438 1605
39454 1531
39471 1441
39487 1388
39504 1315
39520 1202
39536 1174
39553 1103
39569 1032
39586 959
39602 889
39618 814
39635 749
39651 678
39668 610
39684 542
39700 474
39717 410
39733 340
39749 271
39766 205
39782 140
39799 155
39815 176
39831 193
39848 207
39864 219
39881 239
39897 256
39913 276
39930 289
39946 308
39963 319
39979 340
39995 355
40012 380
40028 390
40045 405
40061 448
40077 436
40094 454
40110 475
40127 490
40143 507
40159 523
40176 539
40192 557
40209 575
40225 593
40241 606
40258 625
40274 643
40290 556
40307 677
40323 693
40340 822
40356 726
40372 747
40389 587
40405 784
40422 797
40438 816
40454 834
40471 851
40487 867
40504 885
40520 901
40536 927
40553 939
40569 956
40586 968
40602 991
40618 1009
40635 1025
40651 1044
40668 1064
40684 1078
40700 1098
40717 1113
40733 1129
40749 1151
40766 1157
40782 1185
40799 1204
40815 1218
40831 1236
40848 1256
40864 1334
40881 1290
40897 1309
40913 1327
40930 1343
40946 1360
40963 1371
40979 1397
40995 1414
41012 1438
41028 1450
41045 1470
41061 1460
41077 1503
41094 1519
41110 1539
41127 1558
41143 1575
41159 1590
41176 1609
41192 1626
41209 1647
41225 1662
41241 1684
41258 1698
41274 1715
41290 1697
41307 1754
41323 1770
41340 1819
41356 1810
41372 1827
41389 1784
41405 1861
41422 1876
41438 1899
41454 1915
41471 1932
41487 1960
41504 1966
41520 1984
41536 2004
41553 2021
41569 2040
41586 2059
41602 2076
41618 2095
41635 2112
41651 2128
41668 2148
41684 2165
41700 2181
41717 2199
41733 2219
41749 2234
41766 2268
41782 2271
41799 2294
41815 2305
41831 2323
41848 2344
41864 2294
41881 2377
41897 2393
41913 2409
41930 2429
41946 2447
41963 2472
41979 2486
41995 2501
42012 2530
42028 2536
42045 2554
42061 2568
42077 2594
42094 2608
42110 2628
42127 2646
42143 2662
42159 2681
42176 2698
42192 2715
42209 2731
42225 2750
42241 2766
42258 2785
42274 2805
42290 2686
42307 2839
42323 2855
42340 2926
42356 2892
42372 2910
42389 2917
42405 2945
42422 2965
42438 2976
42454 2996
42471 3016
42487 3030
42504 3051
42520 3066
42536 3075
42553 3104
42569 3120
42586 3138
42602 3152
42618 3171
42635 3189
42651 3204
42668 3224
42684 3239
42700 3256
42717 3275
42733 3289
42749 3308
42766 3326
42782 3342
42799 3359
42815 3379
42831 3396
42848 3410
42864 3419
42881 3449
42897 3463
42913 3483
42930 3497
42946 3513
42963 3532
42979 3545
42995 3564
43012 3590
43028 3599
43045 3612
43061 3632
43077 3649
43094 3666
43110 3624
43127 3559
43143 3491
43159 3421
43176 3353
43192 3284
43209 3210
43225 3145
43241 3074
43258 3002
43274 2932
43290 2717
43307 2791
43323 2719
43340 2655
43356 2575
43372 2504
43389 2461
43405 2361
43422 2287
43438 2201
43454 2145
43471 2070
43487 1999
43504 1929
43520 1851
43536 1786
43553 1708
43569 1635
43586 1567
43602 1493
43618 1419
43635 1352
43651 1279
43668 1209
43684 1135
43700 1065
43717 990
43733 924
43749 853
43766 784
43782 713
43799 644
43815 572
43831 505
43848 436
43864 436
43881 302
43897 238
43913 178
43930 107
43946 167
43963 167
43979 198
43995 212
44012 237
44028 247
44045 264
44061 286
44077 297
44094 313
44110 329
44127 348
44143 362
44159 379
44176 398
44192 415
44209 430
44225 449
44241 464
44258 482
44274 498
44290 552
44307 533
44323 550
44340 488
44356 582
44372 601
44389 607
44405 635
44422 650
44438 668
44454 685
44471 707
44487 717
44504 739
44520 752
44536 771
44553 793
44569 808
44586 824
44602 843
44618 858
44635 877
44651 894
44668 912
44684 929
44700 946
44717 962
44733 980
44749 1000
44766 1010
44782 1033
44799 1049
44815 1066
44831 1082
44848 1103
44864 1197
44881 1140
44897 1159
44913 1172
44930 1193
44946 1209
44963 1233
44979 1248
44995 1267
45012 1283
45028 1302
45045 1319
45061 1320
45077 1351
45094 1372
45110 1389
45127 1406
45143 1430
45159 1442
45176 1460
45192 1478
45209 1497
45225 1514
45241 1533
45258 1548
45274 1564
45290 1554
45307 1604
45323 1622
45340 1615
45356 1656
45372 1674
45389 1686
45405 1712
45422 1724
45438 1744
45454 1765
45471 1782
45487 1803
45504 1821
45520 1835
45536 1843
45553 1873
45569 1889
45586 1910
45602 1924
45618 1945
45635 1963
45651 1981
45668 1998
45684 2015
45700 2034
45717 2050
45733 2071
45749 2089
45766 2106
45782 2122
45799 2142
45815 2154
45831 2175
45848 2192
45864 2181
45881 2232
45897 2248
45913 2253
45930 2283
45946 2300
45963 2325
45979 2334
45995 2354
46012 2372
46028 2390
46045 2411
46061 2430
46077 2443
46094 2463
46110 2480
46127 2499
46143 2516
46159 2530
46176 2550
46192 2569
46209 2586
46225 2604
46241 2621
46258 2634
46274 2656
46290 2688
46307 2690
46323 2708
46340 2726
46356 2745
46372 2764
46389 2790
46405 2797
46422 2815
46438 2821
46454 2851
46471 2870
46487 2884
46504 2901
46520 2920
46536 2941
46553 2958
46569 2973
46586 2989
46602 3009
46618 3023
46635 3043
46651 3060
46668 3077
46684 3096
46700 3112
46717 3127
46733 3147
46749 3164
46766 3180
46782 3200
46799 3216
46815 3230
46831 3251
46848 3266
46864 3172
46881 3300
46897 3317
46913 3333
46930 3351
46946 3370
46963 3382
46979 3402
46995 3420
47012 3438
47028 3452
47045 3473
47061 3497
47077 3503
47094 3514
47110 3540
47127 3555
47143 3571
47159 3591
47176 3606
47192 3624
47209 3641
47225 3657
47241 3671
47258 3585
47274 3515
47290 3521
47307 3377
47323 3307
47340 3239
47356 3170
47372 3098
47389 3026
47405 2961
47422 2887
47438 2816
47454 2746
47471 2675
47487 2602
47504 2532
47520 2460
47536 2384
47553 2319
47569 2242
47586 2170
47602 2101
47618 2027
47635 1953
47651 1881
47668 1812
47684 1738
47700 1669
47717 1594
47733 1524
47749 1451
47766 1387
47782 1307
47799 1237
47815 1165
47831 1094
47848 1023
47864 996
47881 878
47897 813
47913 808
47930 674
47946 604
47963 535
47979 464
47995 397
48012 323
48028 264
48045 197
48061 128
48077 159
48094 173
48110 192
48127 207
48143 225
48159 241
48176 257
48192 273
48209 292
48225 303
48241 321
48258 340
48274 359
48290 354
48307 390
48323 407
48340 383
48356 441
48372 458
48389 474
48405 491
48422 508
48438 536
48454 540
48471 560
48487 576
48504 591
48520 611
48536 626
48553 643
48569 662
48586 681
48602 698
48618 714
48635 730
48651 747
48668 766
48684 782
48700 801
48717 816
48733 839
48749 853
48766 865
48782 887
48799 904
48815 924
48831 941
48848 954
48864 916
48881 993
48897 1009
48913 1226
48930 1046
48946 1063
48963 1093
48979 1097
48995 1115
49012 1134
49028 1150
49045 1169
49061 1179
49077 1204
49094 1222
49110 1237
49127 1257
49143 1275
49159 1293
49176 1311
49192 1329
49209 1346
49225 1365
49241 1383
49258 1400
49274 1418
49290 1382
49307 1453
49323 1472
49340 1370
49356 1506
49372 1523
49389 1550
49405 1562
49422 1577
49438 1602
49454 1615
49471 1632
49487 1650
49504 1667
49520 1684
49536 1698
49553 1722
49569 1736
49586 1756
49602 1779
49618 1791
49635 1809
49651 1827
49668 1845
49684 1865
49700 1881
49717 1899
49733 1917
49749 1936
49766 1958
49782 1968
49799 1992
49815 2007
49831 2023
49848 2041
49864 2005
49881 2076
49897 2097
49913 2158
49930 2130
49946 2150
49963 2171
49979 2182
49995 2202
50012 2220
50028 2236
50045 2252
50061 2268
50077 2290
50094 2312
50110 2577
50127 2344
50143 2367
50159 2377
50176 2401
50192 2418
50209 2433
50225 2453
50241 2469
50258 2484
50274 2505
50290 2549
50307 2542
50323 2560
50340 2565
50356 2596
50372 2613
50389 2653
50405 2648
50422 2665
50438 2684
50454 2704
50471 2718
50487 2728
50504 2756
50520 2771
50536 2789
50553 2807
50569 2824
50586 2839
50602 2863
50618 2875
50635 2894
50651 2913
50668 2931
50684 2945
50700 2966
50717 2982
50733 2999
50749 3018
50766 3035
50782 3052
50799 3072
50815 3087
50831 3104
50848 3120
50864 3180
50881 3156
50897 3174
50913 3217
50930 3209
50946 3226
50963 3245
50979 3258
50995 3278
51012 3296
51028 3313
51045 3331
51061 3346
51077 3364
51094 3380
51110 3397
51127 3414
51143 3433
51159 3451
51176 3467
51192 3482
51209 3501
51225 3518
51241 3532
51258 3548
51274 3565
51290 3585
51307 3602
51323 3617
51340 3631
51356 3653
51372 3668
51389 3614
51405 3549
51422 3480
51438 3414
51454 3340
51471 3274
51487 3198
51504 3132
51520 3065
51536 2995
51553 2918
51569 2852
51586 2779
51602 2708
51618 2641
51635 2565
51651 2493
51668 2423
51684 2347
51700 2281
51717 2205
51733 2133
51749 2062
51766 1988
51782 1914
51799 1845
51815 1771
51831 1699
51848 1628
51864 1601
51881 1484
51897 1414
51913 1353
51930 1270
51946 1197
51963 1127
51979 1056
51995 985
52012 915
52028 841
52045 775
52061 687
52077 630
52094 562
52110 496
52127 426
52143 360
52159 294
52176 227
52192 161
52209 154
52225 166
52241 188
52258 199
52274 219
52290 221
52307 249
52323 266
52340 286
52356 301
52372 317
52389 451
52405 348
52422 368
52438 385
52454 403
52471 420
52487 435
52504 453
52520 467
52536 480
52553 500
52569 517
52586 536
52602 552
52618 570
52635 587
52651 601
52668 624
52684 638
52700 654
52717 672
52733 690
52749 705
52766 724
52782 738
52799 756
52815 775
52831 795
52848 810
52864 784
52881 844
52897 862
52913 812
52930 897
52946 915
52963 937
52979 949
52995 966
53012 984
53028 1003
53045 1021
53061 1033
53077 1054
53094 1073
53110 1092
53127 1107
53143 1127
53159 1144
53176 1160
53192 1177
53209 1196
53225 1212
53241 1234
53258 1250
53274 1268
53290 1265
53307 1305
53323 1320
53340 1329
53356 1358
53372 1370
53389 1387
53405 1411
53422 1429
53438 1446
53454 1461
53471 1479
53487 1508
53504 1518
53520 1534
53536 1544
53553 1568
53569 1590
53586 1593
53602 1622
53618 1642
53635 1660
53651 1675
53668 1693
53684 1714
53700 1729
53717 1748
53733 1768
53749 1782
53766 1803
53782 1821
53799 1841
53815 1853
53831 1876
53848 1895
53864 1890
53881 1930
53897 1944
53913 2230
53930 1981
53946 1999
53963 2018
53979 2035
53995 2055
54012 2075
54028 2088
54045 2110
54061 2123
54077 2144
54094 2160
54110 2180
54127 2195
54143 2217
54159 2233
54176 2251
54192 2270
54209 2287
54225 2303
54241 2322
54258 2340
54274 2357
54290 2377
54307 2393
54323 2408
54340 2475
54356 2443
54372 2464
54389 2558
54405 2500
54422 2517
54438 2535
54454 2551
54471 2569
54487 2592
54504 2605
54520 2622
54536 2642
54553 2655
54569 2671
54586 2712
54602 2711
54618 2725
54635 2747
54651 2761
54668 2784
54684 2798
54700 2816
54717 2836
54733 2853
54749 2871
54766 2886
54782 2904
54799 2921
54815 2940
54831 2960
54848 2974
54864 3044
54881 3010
54897 3027
54913 3080
54930 3064
54946 3078
54963 3095
54979 3108
54995 3129
55012 3147
55028 3164
55045 3180
55061 3209
55077 3215
55094 3233
55110 3246
55127 3265
55143 3283
55159 3301
55176 3318
55192 3333
55209 3353
55225 3367
55241 3386
55258 3404
55274 3423
55290 3431
55307 3456
55323 3473
55340 3421
55356 3504
55372 3524
55389 3507
55405 3562
55422 3577
55438 3593
55454 3609
55471 3630
55487 3646
55504 3661
55520 3679
55536 3578
55553 3510
55569 3443
55586 3385
55602 3302
55618 3231
55635 3165
55651 3093
55668 3022
55684 2957
55700 2881
55717 2811
55733 2739
55749 2667
55766 2593
55782 2525
55799 2455
55815 2382
55831 2309
55848 2233
55864 2242
55881 2092
55897 2022
55913 2033
55930 1878
55946 1801
55963 1732
55979 1659
55995 1586
56012 1510
56028 1440
56045 1371
56061 1304
56077 1228
56094 1156
56110 1085
56127 1013
56143 944
56159 871
56176 803
56192 725
56209 664
56225 594
56241 525
56258 458
56274 391
56290 334
56307 261
56323 188
56340 94
56356 162
56372 177
56389 79
56405 212
56422 228
56438 246
56454 260
56471 279
56487 301
56504 312
56520 325
56536 340
56553 361
56569 374
56586 397
56602 412
56618 429
56635 445
56651 459
56668 478
56684 496
56700 512
56717 530
56733 547
56749 563
56766 581
56782 598
56799 617
56815 629
56831 648
56848 668
56864 655
56881 700
56897 718
56913 692
56930 753
56946 771
56963 796
56979 805
56995 820
57012 840
57028 857
57045 873
57061 892
57077 912
57094 925
57110 944
57127 961
57143 976
57159 994
57176 1013
57192 1030
57209 1048
57225 1066
57241 1080
57258 1097
57274 1120
57290 1131
57307 1152
57323 1170
57340 1203
57356 1204
57372 1226
57389 1234
57405 1257
57422 1277
57438 1283
57454 1315
57471 1329
57487 1345
57504 1366
57520 1386
57536 1402
57553 1422
57569 1438
57586 1449
57602 1471
57618 1489
57635 1509
57651 1524
57668 1546
57684 1563
57700 1579
57717 1599
57733 1615
57749 1632
57766 1654
57782 1669
57799 1688
57815 1706
57831 1725
57848 1737
57864 1649
57881 1776
57897 1796
57913 1797
57930 1831
57946 1846
57963 1863
57979 1883
57995 1900
58012 1925
58028 1935
58045 1954
58061 1978
58077 1990
58094 2005
58110 2026
58127 2044
58143 2061
58159 2081
58176 2101
58192 2116
58209 2136
58225 2149
58241 2169
58258 2186
58274 2207
58290 2219
58307 2241
58323 2257
58340 2265
58356 2296
58372 2311
58389 2415
58405 2349
58422 2366
58438 2384
58454 2402
58471 2422
58487 2426
58504 2455
58520 2473
58536 2490
58553 2506
58569 2523
58586 2541
58602 2561
58618 2578
58635 2596
58651 2612
58668 2634
58684 2649
58700 2666
58717 2687
58733 2704
58749 2719
58766 2739
58782 2756
58799 2772
58815 2792
58831 2810
58848 2825
58864 2832
58881 2860
58897 2881
58913 2937
58930 2915
58946 2931
58963 2951
58979 2967
58995 2982
59012 2998
59028 3021
59045 3038
59061 3057
59077 3073
59094 3092
59110 3107
59127 3123
59143 3142
59159 3159
59176 3179
59192 3194
59209 3212
59225 3227
59241 3244
59258 3263
59274 3281
59290 3304
59307 3314
59323 3331
59340 3359
59356 3364
59372 3384
59389 3476
59405 3416
59422 3434
59438 3457
59454 3468
59471 3487
59487 3498
59504 3517
59520 3537
59536 3550
59553 3571
59569 3589
59586 3605
59602 3617
59618 3638
59635 3655
59651 3673
59668 3610
59684 3541
59700 3470
59717 3401
59733 3331
59749 3265
59766 3193
59782 3122
59799 3055
59815 2984
59831 2912
59848 2838
59864 2763
59881 2696
59897 2623
59913 2522
59930 2479
59946 2409
59963 2355
59979 2265
59995 2196
60012 2123
60028 2045
60045 1977
60061 1906
60077 1831
60094 1759
60110 1688
60127 1615
60143 1545
60159 1471
60176 1398
60192 1329
60209 1256
60225 1186
60241 1115
60258 1044
60274 974
60290 896
60307 833
60323 760
60340 689
60356 622
60372 556
60389 411
60405 418
60422 349
60438 286
60454 215
60471 152
60487 159
60504 171
60520 185
60536 204
60553 219
60569 239
60586 239
60602 268
60618 287
60635 301
60651 318
60668 338
60684 351
60700 367
60717 386
60733 403
60749 414
60766 435
60782 451
60799 470
60815 487
60831 504
60848 522
60864 547
60881 550
60897 570
60913 598
60930 606
60946 620
60963 645
60979 656
60995 674
61012 688
61028 707
61045 725
61061 742
61077 758
61094 777
61110 795
61127 810
61143 828
61159 845
61176 863
61192 883
61209 899
61225 914
61241 931
61258 950
61274 967
61290 989
61307 1005
61323 1020
61340 1042
61356 1057
61372 1072
61389 982
61405 1108
61422 1127
61438 1176
61454 1162
61471 1179
61487 1191
61504 1213
61520 1231
61536 1256
61553 1268
61569 1287
61586 1300
61602 1320
61618 1336
61635 1356
61651 1375
61668 1392
61684 1412
61700 1427
61717 1445
61733 1465
61749 1483
61766 1500
61782 1519
61799 1535
61815 1551
61831 1574
61848 1584
61864 1603
61881 1626
61897 1642
61913 1651
61930 1678
61946 1697
61963 1715
61979 1731
61995 1747
62012 1770
62028 1788
62045 1804
62061 1821
62077 1841
62094 1855
62110 1876
62127 1892
62143 1912
62159 1928
62176 1948
62192 1967
62209 1985
62225 2000
62241 2014
62258 2037
62274 2054
62290 2069
62307 2092
62323 2106
62340 2240
62356 2143
62372 2161
62389 2180
62405 2199
62422 2214
62438 1925
62454 2251
62471 2268
62487 2335
62504 2307
62520 2323
62536 2346
62553 2358
62569 2375
62586 2397
62602 2410
62618 2430
62635 2444
62651 2464
62668 2484
62684 2503
62700 2522
62717 2531
62733 2552
62749 2570
62766 2591
62782 2606
62799 2624
62815 2641
62831 2658
62848 2678
62864 2751
62881 2711
62897 2734
62913 2749
62930 2764
62946 2784
62963 2791
62979 2815
62995 2835
63012 2855
63028 2868
63045 2884
63061 2905
63077 2921
63094 2941
63110 2952
63127 2974
63143 2990
63159 3005
63176 3026
63192 3042
63209 3059
63225 3076
63241 3095
63258 3113
63274 3132
63290 3147
63307 3166
63323 3184
63340 3244
63356 3215
63372 3236
63389 3337
63405 3271
63422 3288
63438 3309
63454 3324
63471 3339
63487 3350
63504 3376
63520 3390
63536 3413
63553 3425
63569 3444
63586 3466
63602 3475
63618 3494
63635 3509
63651 3528
63668 3546
63684 3562
63700 3578
63717 3597
63733 3616
63749 3630
63766 3647
63782 3664
63799 3683
63815 3575
63831 3508
63848 3437
63864 3334
63881 3293
63897 3225
63913 3135
63930 3087
63946 3017
63963 2949
63979 2874
63995 2802
64012 2737
64028 2659
64045 2590
64061 2516
64077 2444
64094 2372
64110 2298
64127 2227
64143 2157
64159 2080
64176 2013
64192 1937
64209 1866
64225 1795
64241 1723
64258 1652
64274 1580
64290 1506
64307 1434
64323 1360
64340 1287
64356 1221
64372 1149
64389 1092
64405 1005
64422 934
64438 796
64454 792
64471 724
64487 655
64504 589
64520 518
64536 452
64553 381
64569 317
64586 252
64602 181
64618 116
64635 164
64651 183
64668 197
64684 215
64700 231
64717 244
64733 263
64749 282
64766 297
64782 311
64799 330
64815 345
64831 357
64848 377
64864 372
64881 409
64897 429
64913 451
64930 464
64946 479
64963 490
64979 512
64995 532
65012 556
65028 562
65045 581
65061 600
65077 617
65094 634
65110 651
65127 669
65143 689
65159 702
65176 717
65192 736
65209 752
65225 773
65241 790
65258 805
65274 821
65290 839
65307 859
65323 875
65340 882
65356 909
65372 930
65389 1019
65405 964
65422 982
65438 987
65454 1015
65471 1036
65487 1050
65504 1065
65520 1088
65536 1102
65553 1119
65569 1139
65586 1160
65602 1173
65618 1191
65635 1210
65651 1225
65668 1246
65684 1263
65700 1280
65717 1298
65733 1318
65749 1333
65766 1351
65782 1368
65799 1390
65815 1407
65831 1421
65848 1443
65864 1470
65881 1476
65897 1495
65913 1511
65930 1530
65946 1548
65963 1564
65979 1583
65995 1602
66012 1617
66028 1637
66045 1654
66061 1683
66077 1691
66094 1708
66110 1723
66127 1741
66143 1759
66159 1781
66176 1795
66192 1814
66209 1833
66225 1849
66241 1866
66258 1887
66274 1903
66290 1924
66307 1941
66323 1955
66340 1981
66356 1995
66372 2010
66389 2009
66405 2048
66422 2064
66438 2094
66454 2100
66471 2119
66487 2137
66504 2154
66520 2177
66536 2191
66553 2209
66569 2226
66586 2252
66602 2262
66618 2278
66635 2297
66651 2316
66668 2333
66684 2353
66700 2367
66717 2386
66733 2405
66749 2422
66766 2439
66782 2457
66799 2474
66815 2493
66831 2511
66848 2522
66864 2540
66881 2562
66897 2583
66913 2656
66930 2618
66946 2634
66963 2655
66979 2672
66995 2686
67012 2696
67028 2720
67045 2742
67061 2763
67077 2778
67094 2794
67110 2812
67127 2828
67143 2844
67159 2864
67176 2880
67192 2898
67209 2917
