1.75 0.43 2968.00 4.12
37.25 15.45 2968.25 23.86
63.50 15.88 2922.75 42.02
90.00 15.59 2849.25 53.28
116.50 15.88 2759.50 59.18
143.00 15.59 2658.00 62.94
169.25 15.45 2560.00 72.26
195.50 15.88 2449.00 73.96
222.00 15.59 2323.75 69.72
248.50 15.88 2207.75 69.76
274.75 15.74 2094.25 68.35
301.00 15.59 1972.25 68.29
328.00 16.17 1845.00 83.72
354.50 15.88 1731.75 71.47
381.00 16.17 1613.75 72.62
407.50 15.88 1494.25 71.20
433.50 15.88 1376.75 72.68
460.00 16.17 1258.00 71.75
486.50 15.88 1141.25 71.28
513.00 16.17 1020.00 68.15
539.50 15.88 906.25 69.44
565.50 15.88 789.75 66.91
592.00 16.17 677.75 67.99
618.50 15.88 584.25 34.80
645.00 16.17 513.75 38.45
671.25 16.04 549.75 32.53
698.00 15.60 605.75 45.19
724.25 16.04 684.50 54.24
750.75 15.74 775.25 62.24
777.25 16.04 875.50 60.92
803.25 16.04 961.00 26.07
829.75 15.74 1096.00 68.78
856.25 16.04 1209.25 69.75
882.75 15.74 1326.00 70.46
909.25 16.04 1442.25 71.57
935.25 16.04 1568.00 65.34
961.75 15.74 1678.50 71.49
988.25 16.04 1798.00 72.77
1014.75 15.74 1916.00 72.18
1041.00 15.60 2036.25 71.51
1067.25 16.04 2152.25 71.49
1093.75 15.74 2277.75 69.04
1120.25 16.04 2393.50 70.15
1146.75 15.74 2506.00 71.04
1173.00 15.60 2623.00 69.92
1199.25 16.04 2741.25 69.83
1225.75 15.74 2852.00 65.30
1252.25 16.04 2952.50 41.43
1278.75 15.74 2974.75 9.83
1305.25 15.47 2942.25 34.80
1331.75 16.33 2878.25 50.45
1358.25 16.04 2792.25 56.76
1384.75 16.33 2697.75 63.98
1411.25 16.04 2592.50 66.74
1437.75 16.33 2483.50 69.62
1463.75 16.33 2368.25 70.64
1490.25 16.04 2253.75 70.96
1516.75 16.33 2137.25 71.79
1543.25 16.04 2020.00 72.88
1569.25 16.04 1898.50 72.58
1595.75 16.33 1780.00 73.37
1622.25 16.04 1661.00 72.89
1648.75 16.33 1541.75 68.06
1675.00 16.20 1421.50 71.98
1701.75 15.77 1303.00 71.09
1728.00 16.20 1185.50 71.41
1754.50 15.90 1068.25 70.77
1781.00 16.20 950.25 70.06
1807.25 16.07 835.25 68.96
1833.75 15.77 720.75 67.44
1860.00 16.20 618.00 52.70
1886.50 15.90 551.50 20.40
1913.00 16.20 536.50 23.42
1939.25 16.07 579.50 41.34
1965.75 15.77 649.25 51.39
1992.50 15.88 736.25 59.34
2018.75 15.74 847.75 58.40
2045.50 15.88 944.25 64.63
2071.50 15.88 1051.50 67.26
2098.00 15.59 1165.00 68.71
2124.50 15.88 1278.25 66.28
2150.75 15.74 1395.00 66.97
2177.50 15.88 1510.00 62.93
2203.50 15.88 1636.75 81.59
2230.00 15.59 1750.25 70.87
2256.50 15.88 1869.25 69.74
2282.75 15.74 1987.75 70.59
2310.25 14.94 2105.50 72.09
2338.25 17.85 2249.00 73.59
2364.50 18.28 2356.00 79.84
2391.25 17.85 2473.50 79.50
2417.25 17.85 2590.25 78.27
2444.00 17.96 2704.25 77.59
2470.25 17.85 2819.25 77.65
2496.50 18.28 2911.75 39.98
2523.25 17.85 2974.75 2.49
2549.25 17.85 2952.75 37.41
2576.00 17.96 2899.50 52.95
2602.25 17.85 2812.50 59.10
2628.50 18.28 2728.75 70.53
2655.25 17.85 2627.25 73.95
2681.75 17.55 2515.00 76.00
2708.25 17.81 2402.50 78.01
2734.75 17.55 2287.75 78.09
2761.00 17.98 2172.00 80.56
2787.75 17.55 2059.50 83.53
2813.75 17.55 1937.00 81.48
2840.25 17.81 1814.50 80.95
2866.75 17.55 1695.25 80.68
2892.75 17.55 1575.25 79.54
2919.75 17.55 1457.75 80.36
2945.75 17.55 1335.75 87.32
2972.25 17.81 1221.50 79.13
2999.00 17.38 1098.50 83.54
3025.00 17.38 984.25 72.58
3051.75 17.50 873.75 80.33
3078.00 17.38 753.25 74.14
3104.50 17.64 647.00 64.28
3131.00 17.38 561.00 20.77
3157.00 17.38 534.25 18.99
3183.50 17.64 561.50 41.86
3210.00 17.38 627.25 54.80
3236.50 17.64 705.00 64.57
3263.00 17.38 805.50 68.08
3289.00 17.38 908.25 73.37
3316.00 17.42 1019.00 74.27
3345.50 22.87 1153.50 97.42
3371.75 22.71 1262.00 99.94
3398.50 22.87 1376.25 102.89
3424.50 22.87 1492.00 102.53
3451.00 22.59 1611.00 103.01
3477.50 22.87 1730.25 104.05
3503.75 22.71 1846.00 104.28
3530.25 22.44 1973.25 100.04
3556.50 22.87 2085.00 103.07
3582.75 22.71 2203.50 102.16
3609.50 22.87 2321.00 101.95
3635.50 22.87 2438.75 102.03
3662.25 22.44 2556.50 104.62
3688.75 22.73 2673.50 96.94
3715.00 22.56 2785.50 97.72
3741.75 22.73 2903.00 61.22
3767.75 22.73 2955.00 5.92
3794.50 22.30 2959.50 40.16
3820.75 22.73 2908.50 59.25
3847.00 22.56 2842.00 76.37
3873.75 22.73 2755.00 86.77
3899.75 22.73 2653.00 90.88
3926.50 22.30 2548.50 97.59
3952.75 22.73 2438.25 98.06
3979.00 22.56 2333.00 109.11
4007.25 21.82 2195.75 94.45
4033.50 21.70 2081.50 97.43
4060.00 21.39 1960.50 94.84
4086.50 21.70 1855.50 105.30
4112.50 21.70 1724.50 97.49
4139.25 21.82 1603.75 100.02
4165.50 21.70 1487.50 96.37
4192.00 21.39 1368.00 96.10
4218.50 21.70 1246.75 100.46
4244.50 21.70 1130.50 96.26
4271.00 21.39 1014.50 95.71
4297.50 21.70 905.00 99.50
4327.25 20.73 768.25 90.76
4353.75 20.98 662.25 78.79
4379.75 20.98 577.00 33.56
4406.50 21.15 538.50 19.03
4432.75 20.98 561.50 47.04
4459.00 20.94 620.00 64.27
4485.75 20.98 699.00 76.12
4511.75 20.98 791.25 83.48
4538.50 21.15 901.50 87.83
4564.75 20.98 1019.00 88.12
4591.00 20.94 1116.00 93.70
4617.50 21.15 1230.25 92.90
4643.75 20.98 1350.00 100.05
4670.50 21.15 1463.50 97.36
4698.75 19.52 1590.75 88.93
4725.00 19.45 1708.75 88.72
4751.50 19.73 1831.25 86.83
4777.75 19.52 1956.50 83.47
4804.00 19.45 2064.50 90.21
4830.75 19.52 2182.25 87.95
4856.75 19.52 2302.00 88.28
4883.50 19.73 2419.75 88.63
4909.75 19.52 2535.00 88.02
4936.00 19.45 2651.25 86.38
4962.75 19.52 2767.25 86.29
4988.75 19.52 2870.50 65.58
5016.00 19.33 2983.75 43.28
5042.00 19.33 2964.25 26.43
5068.25 19.25 2927.75 50.04
5095.00 19.33 2858.25 64.55
5121.00 19.33 2766.25 78.37
5147.50 19.68 2671.75 79.64
5174.00 19.33 2567.50 83.10
5200.25 19.25 2455.00 86.33
5227.00 19.33 2345.00 87.93
5253.00 19.33 2222.00 84.62
5279.50 19.68 2107.75 87.38
5307.25 19.06 1984.25 87.03
5335.25 22.41 1856.50 101.87
5362.25 22.41 1738.00 102.27
5388.25 22.41 1620.75 101.89
5414.50 22.83 1507.00 103.45
5441.25 22.41 1386.00 96.65
5467.25 22.41 1260.25 102.94
5494.00 22.46 1131.75 92.44
5520.25 22.41 1028.25 100.04
5546.50 22.83 910.50 99.75
5573.25 22.41 796.75 96.96
5599.25 22.41 686.00 89.27
5626.00 22.46 600.00 47.90
5652.25 22.41 544.25 13.81
5678.50 22.83 553.50 43.80
5705.50 22.24 599.50 67.88
5731.50 22.24 680.25 77.63
5758.25 22.30 771.50 84.63
5784.50 22.24 874.25 92.93
5810.50 22.24 980.25 94.55
5837.50 22.24 1091.25 95.67
5863.50 22.24 1206.25 98.33
5890.00 22.50 1321.25 100.41
5916.50 22.24 1437.25 100.68
5942.50 22.24 1579.75 88.52
5969.50 22.24 1673.25 100.52
5995.50 22.24 1792.00 101.10
6022.25 22.30 1912.25 101.55
6048.75 22.04 2030.50 100.07
6074.75 22.04 2149.75 100.86
6101.75 22.04 2266.25 99.67
6127.75 22.04 2385.25 99.35
6154.25 22.30 2499.25 98.72
6180.75 22.04 2614.00 101.59
6206.75 22.04 2734.25 98.54
6233.25 22.30 2839.75 81.02
6259.75 22.04 2924.75 35.34
6286.00 22.46 2965.50 23.29
6313.00 21.99 2941.00 51.40
6339.25 22.41 2874.25 71.10
6366.00 22.62 2797.75 84.02
6392.25 22.41 2704.75 86.04
6418.25 22.41 2597.25 95.72
6445.25 22.41 2484.75 95.39
6471.25 22.41 2374.50 99.85
6498.00 22.62 2259.25 100.54
6524.25 22.41 2141.25 101.54
6550.25 22.41 2024.25 101.98
6577.25 22.41 1905.25 101.72
6603.25 22.41 1785.75 102.01
6630.00 22.62 1682.00 116.38
6656.25 22.41 1547.50 101.83
6682.25 22.41 1427.25 99.93
6709.50 22.24 1309.00 101.73
6735.50 22.24 1189.50 100.09
6761.75 22.08 1075.00 98.86
