1.75 0.43 2216.50 207.79
37.25 16.02 1409.25 149.26
63.50 15.88 934.00 168.36
90.25 16.02 672.00 104.54
116.50 15.88 503.00 63.56
142.50 15.88 404.25 39.45
169.25 16.02 341.25 24.42
198.25 14.92 300.50 14.98
225.00 15.12 278.00 9.51
251.25 14.92 263.00 5.61
277.50 14.91 253.25 3.11
304.00 15.12 206.50 73.93
330.25 14.92 242.00 31.00
356.75 14.70 243.75 2.17
383.25 14.92 240.75 1.30
409.50 14.91 239.50 1.50
436.00 15.12 239.75 0.43
464.50 13.52 238.50 1.12
491.00 13.36 239.00 0.71
517.50 13.52 239.00 1.23
543.75 13.42 238.00 2.35
570.25 13.77 238.25 0.83
596.50 13.52 237.75 2.05
624.50 15.85 689.50 102.22
650.75 15.61 1751.25 202.04
677.25 15.93 2333.25 230.23
703.50 15.85 2674.25 135.54
729.75 15.61 2884.50 81.56
756.50 15.85 3010.25 50.73
782.50 15.85 3095.00 31.85
809.25 15.93 3137.50 18.71
835.50 15.85 3163.50 11.61
861.75 15.61 3180.25 6.61
888.50 15.85 3192.00 4.53
914.50 15.85 3200.00 2.92
941.50 15.69 3203.50 2.60
967.75 15.61 3207.25 1.09
994.00 15.38 3208.50 1.50
1020.75 15.61 3210.00 1.00
1047.00 15.38 3212.00 0.71
1073.25 15.27 3212.00 1.22
1099.75 15.61 3217.00 9.28
1126.00 15.38 3214.50 1.50
1152.75 15.61 3225.25 20.08
1179.75 15.19 3212.50 3.35
1205.75 15.19 3208.75 4.32
1232.50 15.44 3009.00 202.81
1258.75 15.19 2443.75 198.95
1285.50 15.44 1515.25 7.15
1311.50 15.44 1011.25 196.05
1337.75 15.19 709.25 118.19
1364.50 15.44 529.25 71.91
1390.75 15.19 418.00 43.55
1417.50 15.44 351.25 26.97
1443.50 15.44 308.25 16.62
1470.25 14.96 281.75 9.68
1496.75 15.32 268.75 9.58
1523.00 15.07 256.75 4.02
1549.75 15.32 263.25 21.44
1575.75 15.32 245.00 2.34
1602.00 15.07 244.50 2.06
1631.50 19.91 242.25 1.09
1657.75 19.68 241.25 1.48
1684.00 19.56 237.25 4.76
1710.50 19.91 249.00 25.16
1736.75 19.68 239.00 0.71
1763.50 19.91 240.00 1.00
1789.75 19.68 238.25 2.59
1816.00 19.56 238.75 0.43
1842.50 19.91 359.00 210.16
1868.75 19.68 624.75 132.98
1895.50 19.91 1435.50 129.72
1921.75 19.68 2169.75 90.25
1948.25 19.33 2571.25 192.95
1974.75 19.68 2824.25 114.78
2001.00 19.45 2974.00 70.52
2027.75 19.68 3071.50 42.48
2054.00 19.45 3121.50 26.92
2080.25 19.33 3157.00 15.98
2106.75 19.68 3176.50 11.19
2133.00 19.45 3189.50 5.94
2159.75 19.68 3193.25 11.30
2186.25 19.38 3199.75 5.45
2212.50 19.25 3206.25 2.59
2239.00 19.61 3207.75 3.03
2265.25 19.38 3209.75 1.92
2291.75 19.19 3211.25 1.09
2318.25 19.38 3211.50 0.87
2344.25 19.38 3212.75 0.83
2371.00 19.61 3201.25 24.97
2397.25 19.38 3213.50 1.50
2423.75 19.19 3213.50 1.66
2450.75 19.27 3215.00 4.06
2477.00 19.03 3014.00 135.30
2503.50 19.37 2791.75 17.12
2530.00 19.03 1763.50 81.94
2556.25 18.95 1156.25 174.35
2582.75 19.27 798.00 166.79
2609.75 20.29 584.50 104.80
2636.00 20.21 440.75 56.17
2662.75 20.29 368.25 38.13
2689.00 20.21 319.00 23.72
2715.25 20.10 290.00 12.90
2741.75 20.29 269.00 11.38
2768.00 20.21 258.75 4.32
2794.75 20.29 242.00 20.82
2821.00 20.21 247.75 1.09
2847.00 20.21 244.25 3.27
2873.75 20.29 241.00 1.41
2900.00 20.21 241.25 0.43
2927.00 20.06 240.50 1.66
2953.00 20.06 240.75 2.49
2979.25 19.98 238.50 1.50
3006.00 20.06 237.50 1.12
3032.25 19.98 242.25 3.90
3059.00 20.06 238.50 4.50
3085.00 20.06 244.75 13.55
3111.25 19.98 539.75 160.00
3138.00 20.06 1023.75 178.28
3164.25 19.98 1937.25 221.74
3193.25 19.25 2474.25 224.45
3219.50 19.65 2760.75 145.72
3245.75 19.66 2934.50 88.57
3272.50 19.65 3039.25 50.47
3298.50 19.65 3106.50 34.24
3325.25 19.25 3144.75 20.51
3351.50 19.65 3167.00 13.73
3377.75 19.66 3179.25 14.08
3404.50 19.65 3180.00 18.29
3430.50 19.65 3200.25 5.31
3457.50 19.11 3206.00 3.61
3483.75 19.51 3206.75 2.86
3510.00 19.52 3206.25 3.49
3536.75 19.51 3209.00 3.08
3562.75 19.51 3206.50 8.44
3589.50 19.11 3209.50 4.03
3616.00 19.91 3210.00 1.22
3642.00 19.91 3212.50 2.18
3669.00 19.91 3210.00 3.00
3695.00 19.91 3215.00 3.08
3721.50 19.78 3151.00 105.66
3748.00 19.91 2845.25 158.89
3774.00 19.91 2145.75 134.27
3801.00 19.91 1318.50 145.02
3827.00 19.91 898.50 215.29
3853.50 19.78 649.25 130.63
3880.00 19.91 464.50 86.79
3906.00 19.91 390.25 47.79
3934.25 18.67 327.50 23.18
3960.25 18.67 306.75 27.40
3986.75 18.50 274.00 9.82
4013.25 18.67 263.00 7.28
4039.25 18.67 253.25 4.21
4066.25 18.67 247.25 0.83
4092.25 18.67 245.25 2.17
4118.50 18.66 250.75 15.74
4145.25 18.67 241.75 1.64
4171.75 18.66 242.00 2.24
4198.25 18.90 245.00 10.46
4224.75 18.66 240.00 1.87
4250.75 18.66 239.25 2.49
4277.75 18.66 237.50 2.06
4303.75 18.66 231.25 9.98
4330.25 18.90 230.50 11.35
4356.75 18.66 436.50 126.75
4382.75 18.66 822.75 224.87
4409.75 18.66 1742.25 70.28
4435.75 18.66 2311.75 155.75
4464.00 17.49 2697.50 153.71
4491.00 17.49 2898.50 93.88
4517.00 17.49 3017.50 56.38
4544.00 17.49 3092.25 35.91
4570.00 17.49 3137.00 21.99
4596.00 17.49 3165.75 13.86
4625.25 21.15 3173.00 19.61
4651.25 21.15 3194.75 5.97
4678.25 21.15 3198.00 5.43
4704.25 21.15 3203.50 4.15
4730.25 21.15 3208.25 2.39
4757.25 21.15 3207.75 2.05
4783.25 21.15 3210.75 1.79
4810.25 21.15 3212.50 0.87
4836.25 21.15 3211.50 3.20
4862.25 21.15 3213.50 0.86
4889.25 21.15 3214.00 1.41
4915.25 21.15 3217.50 14.59
4942.25 20.94 3213.50 1.12
4968.50 20.89 3212.00 1.23
4994.50 20.89 2862.75 214.25
5021.50 20.89 2296.50 156.84
5047.50 20.89 1456.75 214.00
5074.00 21.05 978.00 217.03
5100.50 20.89 655.25 149.79
5126.50 20.89 513.00 90.12
5153.50 20.89 408.00 53.86
5179.75 20.84 341.50 30.57
5206.50 20.95 304.75 19.92
5232.75 20.84 280.00 12.90
5258.75 20.84 264.75 7.12
5285.75 20.84 254.25 5.67
5311.75 20.84 250.50 4.55
5338.25 20.53 248.00 6.93
5364.75 20.84 248.75 10.06
5390.75 20.84 240.00 2.92
5417.75 20.84 239.25 0.83
5443.75 20.84 252.00 20.82
5470.25 20.64 207.50 52.86
5497.00 20.74 239.50 1.50
5523.00 20.74 236.50 1.12
5550.00 20.74 263.50 45.33
5576.00 20.74 242.50 7.30
5602.00 20.74 416.50 117.95
5629.25 21.15 645.50 186.07
5655.25 21.15 1475.50 124.96
5682.25 21.15 2189.00 123.72
5708.25 21.15 2593.25 211.13
5734.50 21.56 2833.00 127.41
5761.25 21.15 2979.25 76.14
5787.25 21.15 3067.25 48.15
5814.25 21.15 3119.75 32.25
5840.25 21.15 3157.00 17.99
5866.25 21.15 3176.75 8.95
5893.25 21.15 3187.00 3.54
5919.25 21.15 3198.25 5.72
5949.25 18.46 3203.25 1.92
5975.50 18.28 3211.50 4.72
6001.50 18.28 3210.50 1.50
6028.50 18.28 3215.25 8.53
6054.50 18.28 3209.25 2.86
6081.25 18.46 3213.50 2.69
6107.50 18.28 3213.00 1.23
6133.50 18.28 3211.50 1.50
6160.50 18.28 3213.50 0.87
6188.25 17.81 3213.50 1.12
6214.75 18.05 3213.75 2.38
6241.00 17.85 2970.75 194.22
6267.25 17.81 2594.75 88.70
6293.75 18.05 1595.25 211.19
6320.25 17.81 1059.25 229.89
6346.50 18.23 738.50 141.12
6373.00 17.85 541.75 90.27
6399.25 17.81 409.50 79.86
6425.75 18.05 357.25 31.89
6452.50 17.63 313.25 19.95
6479.00 17.87 260.00 42.99
6505.25 17.67 269.00 11.64
6531.50 17.63 260.75 6.61
6558.00 17.87 249.50 2.69
6584.25 17.67 246.75 2.28
6611.25 18.29 244.50 1.50
6637.50 18.09 243.25 1.48
6663.75 18.05 239.50 0.87
6690.25 18.29 239.50 0.50
6716.50 18.09 239.75 0.43
6743.25 18.29 239.50 1.80
6769.50 18.09 238.75 1.92
