2.00 0.50 2229.00 190.40
169.75 14.99 342.75 23.69
326.00 14.80 246.25 1.64
483.25 15.24 245.00 12.71
639.25 15.24 236.25 0.83
796.00 15.41 237.50 0.87
976.50 37.45 236.25 1.48
1133.00 37.86 238.25 0.43
1308.75 38.15 237.50 0.86
1465.00 38.42 245.75 14.04
1660.00 8.77 237.75 1.09
1820.75 12.44 235.75 3.49
1977.00 12.21 237.75 2.05
2133.50 12.26 235.75 1.48
2290.00 12.19 236.75 1.92
2446.75 12.01 234.25 3.11
2603.50 12.13 236.75 1.09
2759.75 11.90 230.25 10.55
2939.25 48.58 236.25 2.17
3095.25 48.58 236.00 2.12
3263.50 44.25 235.75 1.48
3420.00 44.11 222.25 22.12
3585.25 41.03 232.25 3.70
3741.75 41.79 234.75 0.83
3898.50 41.41 253.50 32.70
4054.75 41.79 239.00 6.44
4211.25 41.68 234.50 2.06
4367.75 41.35 245.00 13.30
4529.75 35.32 235.50 1.12
4686.00 35.29 230.75 7.40
4860.00 64.70 236.50 3.20
5016.25 64.58 232.25 4.82
5172.75 64.92 237.50 2.06
5354.25 66.95 249.50 22.85
5510.75 66.94 1716.25 193.77
5687.50 61.17 3136.75 90.66
5863.00 85.30 3207.75 5.80
6019.25 85.65 3212.25 0.83
6181.50 86.15 3213.75 0.83
6337.50 86.15 3212.50 2.06
6494.25 86.18 3213.50 1.80
6665.00 66.64 3213.75 1.79
6842.75 100.82 3213.25 0.83
6999.25 100.44 3216.50 2.69
7155.50 100.85 3213.75 1.48
7337.50 106.21 3213.50 2.18
7493.75 106.54 3213.00 0.71
7677.00 81.42 3212.00 2.55
7833.25 81.76 3212.50 3.90
7989.75 81.97 3213.50 1.12
8146.50 81.87 3212.50 0.87
8303.00 82.08 3227.25 22.98
8459.25 82.18 3214.25 1.09
8639.50 60.62 3216.25 0.83
8796.00 61.36 3216.75 4.76
8952.75 60.99 3213.25 0.83
9109.00 61.36 3213.75 1.79
9287.25 75.36 3216.75 3.96
9443.75 75.25 3214.50 1.80
9609.25 70.85 3213.50 2.69
9771.00 75.52 3213.00 0.71
9927.25 75.44 3213.00 1.41
10084.00 75.52 3213.50 0.50
10240.50 75.65 3213.00 1.58
10396.75 75.90 3213.00 1.58
10558.25 74.61 3214.25 0.83
10714.75 74.19 3213.50 0.50
10895.75 103.17 2580.75 143.65
11052.00 103.51 1194.75 107.97
11208.75 103.59 318.00 106.57
11365.00 103.25 251.25 23.79
11521.50 103.51 237.50 2.06
11678.75 103.17 214.75 38.60
11835.25 103.43 242.00 6.96
11991.50 103.09 236.25 0.83
12153.75 105.80 235.25 1.92
12310.00 105.70 249.00 22.59
12466.50 105.47 237.25 6.02
12643.00 93.99 237.00 1.87
12819.25 121.66 239.75 4.55
12976.25 121.66 235.50 1.50
13132.25 121.66 236.75 2.59
13289.25 121.73 236.25 0.83
13445.50 121.69 234.75 2.05
13602.00 121.66 236.25 1.09
13782.25 157.43 236.25 1.30
13938.25 157.43 236.75 1.30
14095.00 157.50 234.75 0.83
14251.50 157.41 235.50 4.03
14408.00 157.78 236.75 0.83
14567.75 156.99 235.50 1.80
14739.75 139.73 238.00 4.30
14896.25 139.37 236.00 2.24
15052.25 139.37 234.25 1.09
15214.00 138.86 235.25 1.30
15370.50 138.49 238.75 4.76
15526.50 138.49 246.75 19.21
15718.25 155.60 235.25 1.92
15874.25 155.60 236.00 1.87
16030.75 155.33 235.75 0.43
16187.25 155.60 709.50 99.69
16343.75 155.44 963.00 143.71
16500.50 155.52 1442.25 33.63
16667.75 150.35 3117.00 89.47
16824.50 149.93 3204.00 8.03
16980.75 150.35 3203.25 11.69
17136.75 150.35 3210.50 1.12
17308.25 146.54 3212.50 1.50
17464.25 146.54 3218.75 10.18
17637.75 159.51 3213.00 3.24
17794.25 159.88 3213.50 0.87
17950.50 159.66 3213.75 0.43
18107.00 159.46 3212.50 1.50
18263.50 159.83 3211.75 4.08
18420.00 159.46 3246.75 61.92
18576.75 160.25 3213.25 0.83
18757.00 151.15 3213.00 0.50
18913.50 151.02 3213.50 4.97
19070.00 151.15 3220.50 13.01
19229.75 149.85 3212.75 1.30
19386.50 150.13 3212.25 3.27
19543.00 149.81 3216.00 41.39
19738.75 175.67 3215.00 1.00
19895.00 175.55 3214.00 1.22
20051.50 175.76 3212.25 1.92
20208.00 175.55 3198.25 44.42
20364.50 175.21 3214.75 1.30
20521.25 175.97 3211.50 2.06
20697.00 171.54 3214.25 1.64
20853.50 171.93 3212.25 1.09
21009.75 171.78 3214.00 0.50
21166.50 171.93 3215.25 3.11
21334.50 165.72 3214.25 0.43
21490.50 165.72 3214.00 1.00
21672.50 194.42 2567.25 176.20
21828.75 194.18 2471.25 176.30
21985.00 194.12 1982.75 154.41
22141.50 194.42 498.00 76.38
22298.25 194.00 254.00 19.17
22454.75 194.30 239.00 2.74
22646.00 231.10 235.50 2.06
22826.00 211.02 237.50 3.35
22982.25 211.44 235.25 1.92
23138.75 211.20 282.00 79.12
23295.00 211.02 243.50 5.72
23454.25 215.94 235.00 1.58
23611.50 215.27 234.25 3.11
23767.75 215.70 232.75 5.45
23924.25 215.45 237.75 3.49
24080.50 215.27 235.25 3.49
24236.75 215.70 235.75 0.83
24408.75 205.74 236.50 1.50
24585.50 222.37 226.00 17.42
24785.50 219.13 234.75 3.49
24942.00 219.51 236.25 1.09
25098.25 219.31 236.00 1.87
25254.75 219.55 236.50 1.50
25411.50 219.12 220.75 25.89
25568.25 219.31 235.00 1.22
25725.25 219.31 236.50 1.12
25881.25 219.31 226.75 24.64
26038.00 219.51 273.50 63.80
26194.25 219.31 234.75 1.30
26355.75 215.15 235.75 0.83
26526.00 225.03 234.25 3.19
26714.50 227.76 247.50 21.14
26870.50 227.76 237.25 3.49
27027.00 227.35 684.50 206.35
27183.50 227.76 961.50 173.51
27339.75 227.54 978.25 209.01
27497.00 227.95 1671.25 175.88
27686.00 225.21 3069.75 177.89
27842.25 225.03 3203.00 13.32
27998.50 225.41 3212.00 1.87
28155.25 225.03 3213.25 1.09
28311.50 225.41 3212.25 1.09
28485.00 214.64 3211.25 1.30
28644.25 212.47 3213.50 1.12
28800.50 212.53 3228.75 22.04
28956.75 212.30 3213.00 1.58
29113.25 212.47 3213.50 2.50
29269.75 212.30 3213.00 1.22
29426.50 212.24 3205.75 31.89
29604.25 219.77 3213.25 2.59
29781.25 203.90 3211.50 3.35
29937.25 203.90 3212.25 1.79
30094.00 203.55 3213.50 3.64
30250.25 203.90 3210.50 5.50
30410.25 199.31 3210.75 5.31
30601.50 226.00 3214.25 1.92
30781.50 210.34 3215.50 0.50
30937.75 210.48 3211.75 3.34
31094.50 210.34 3206.25 12.97
31250.75 210.48 3213.00 2.45
31407.25 210.95 3213.75 1.30
31564.75 210.48 3213.00 1.87
31721.00 210.80 3212.00 1.58
31877.50 210.34 3219.25 8.20
32033.75 210.48 3213.25 1.30
32190.00 210.80 3213.25 0.83
32346.50 210.34 3217.50 7.36
32536.75 210.15 3221.25 10.85
32733.50 224.49 2158.75 73.45
32890.00 224.46 1751.75 74.85
33046.50 224.49 1092.00 75.84
33202.75 224.80 497.00 169.18
33359.25 224.61 253.50 24.11
33516.00 224.30 237.25 1.64
33673.00 224.30 237.00 2.45
33829.25 224.19 244.00 11.60
33985.75 224.15 236.00 2.12
34142.00 224.30 234.75 2.49
34298.25 224.19 236.25 1.48
34470.25 228.45 238.50 4.50
34638.25 229.78 235.75 0.83
34795.25 229.78 238.25 1.30
34951.25 229.78 235.75 1.64
35107.75 230.24 238.50 4.50
35264.25 229.78 234.75 1.48
35420.50 229.96 235.50 3.20
35591.50 230.84 235.25 0.83
35748.00 230.64 231.25 7.72
35904.50 230.84 236.00 1.58
36060.75 230.91 227.50 10.97
36217.00 230.64 236.00 1.23
36378.75 227.05 243.75 15.17
36545.25 226.60 236.25 0.83
36702.00 226.67 233.50 1.66
36858.25 226.93 236.50 1.12
37014.50 226.86 236.25 0.43
37171.00 226.67 236.00 1.87
37327.50 226.86 238.50 5.68
37484.25 226.85 235.25 2.16
37678.25 224.42 238.00 2.92
37835.00 224.41 235.00 1.41
37991.25 224.42 234.75 3.27
38147.50 224.13 884.00 173.41
38304.00 224.41 1653.25 169.69
38476.50 214.86 2416.50 148.72
38647.50 196.97 2464.50 211.70
38804.00 196.82 3094.50 205.84
38960.25 197.33 3204.50 13.01
39116.75 196.77 3204.25 10.66
39273.00 196.82 3212.75 1.09
39430.00 196.58 3210.00 3.67
39623.50 188.67 3214.75 1.09
39780.00 189.23 3213.75 1.48
39936.50 188.67 3219.50 11.84
40092.50 188.67 3213.75 1.09
40249.00 189.23 3224.00 11.77
40409.25 186.23 3212.75 0.83
40598.75 162.21 3210.50 2.06
40755.50 162.70 3213.25 1.09
40912.00 162.92 3214.00 1.00
41068.00 162.92 3214.00 0.71
41224.50 162.70 3219.25 9.81
